0.0933078120172818 0.218234885940085
0.492691740301884 0.342210177922883
1.21559541207095 0.263027577941712
2.26994952620374 0.126425818105934
3.66762272175144 0.0402068649210009
5.42533662741355 0.00856387780361183
7.56591622661307 0.00121243614721425
10.1202285680191 0.000111674392344252
13.1302824821757 6.45992676202291e-06
16.65440770833 2.22631690709627e-07
20.7764788994488 4.22743038497937e-09
25.6238942267288 3.92189726704109e-11
31.4075191697539 1.45651526407312e-13
38.530683306486 1.4830270511133e-16
48.0260855726858 1.60059490621113e-20
