2
78
2
31
89
83
55
100
5
36
61
80
29
34
42
40
15
11
13
2
83
1
38
58
41
8
27
20
81
98
100
57
17
11
47
86
6
99
85
28
4
67
47
30
42
99
83
24
34
95
4
74
60
29
31
45
21
42
32
59
43
36
95
0
97
10
71
53
65
18
54
52
24
33
42
40
22
83
5
32
49
68
42
17
39
75
71
70
73
51
5
46
25
14
15
37
91
93
95
91
68
69
22
29
49
5
21
42
92
96
97
95
80
25
28
30
81
12
55
26
94
66
52
41
2
9
100
13
23
24
17
48
7
92
38
51
65
99
26
60
31
46
58
39
92
7
16
57
99
46
12
89
0
75
75
36
78
71
76
64
82
11
21
16
87
65
8
23
60
88
79
29
38
94
0
90
38
33
80
67
73
67
18
55
67
47
37
32
66
18
92
45
71
1
1
5
68
13
83
20
15
88
68
7
32
24
71
48
36
76
54
39
75
80
4
70
78
38
86
19
7
1
52
4
91
10
22
78
60
44
93
20
43
62
60
35
46
18
8
4
91
44
93
75
22
33
36
22
10
23
86
24
68
24
44
73
31
24
66
15
87
37
49
79
59
67
31
84
67
14
20
10
66
99
32
9
38
41
45
18
26
93
54
41
59
3
0
7
55
4
49
25
67
72
98
67
26
22
100
59
35
52
92
61
73
56
8
5
8
49
13
90
12
69
24
48
98
92
74
92
29
96
35
96
90
23
27
24
54
98
55
75
9
57
63
98
79
47
82
39
81
20
93
79
34
25
54
85
57
16
10
65
48
67
88
48
33
44
7
3
18
85
24
59
4
12
31
7
46
96
86
46
2
35
62
99
14
23
31
82
46
30
34
1
38
30
65
0
82
86
11
29
98
72
76
100
71
95
50
46
10
25
87
4
80
41
29
41
33
99
87
51
88
81
49
21
36
81
53
29
40
11
18
37
12
32
99
29
37
10
10
24
94
71
97
4
97
8
35
36
46
89
83
56
54
47
43
20
1
1
87
8
3
34
70
36
31
73
5
25
72
90
20
54
63
41
28
19
64
19
84
12
11
38
58
18
57
48
64
13
90
73
28
54
35
2
9
18
77
91
90
55
29
15
31
96
24
6
90
20
85
18
85
49
76
24
84
90
94
62
38
44
56
20
92
58
43
37
33
59
11
77
40
7
28
64
81
92
6
65
27
12
96
60
34
55
81
60
81
34
86
14
22
76
44
18
72
66
1
27
10
74
43
76
93
35
58
23
89
99
80
25
20
58
82
83
19
0
59
74
73
22
69
47
3
10
40
75
36
29
84
75
41
95
27
42
35
73
99
63
20
54
29
49
84
4
76
32
74
65
79
83
38
8
37
63
16
67
78
75
50
74
4
43
4
75
67
47
33
65
84
24
49
14
9
32
8
32
27
18
100
68
74
78
82
98
44
4
7
19
47
8
32
75
88
68
35
64
32
11
8
95
4
45
80
12
17
61
77
10
50
31
46
88
31
98
73
100
24
52
77
40
42
45
73
63
96
27
23
34
39
89
30
78
29
71
3
2
55
94
4
95
76
86
0
29
91
84
53
49
5
13
37
29
15
73
89
93
73
40
68
79
69
15
100
42
87
11
74
11
58
82
21
51
18
35
0
24
62
32
91
62
47
27
46
19
29
54
57
40
95
36
91
27
99
12
18
68
52
39
99
71
84
65
33
30
76
94
14
68
94
58
6
37
88
77
11
6
42
10
33
59
80
21
7
58
8
99
39
40
50
70
1
56
30
31
13
36
25
75
20
13
65
88
44
14
38
8
47
48
68
90
54
64
11
31
19
22
99
45
97
62
80
84
5
67
14
84
40
12
91
62
43
52
3
70
8
35
41
64
5
42
3
97
61
78
99
53
83
44
1
42
88
60
61
55
56
33
22
6
92
91
93
18
52
91
29
69
66
44
29
51
71
17
42
72
91
1
77
51
94
34
91
48
13
51
86
31
17
22
61
15
62
62
46
2
13
42
74
17
57
26
97
63
23
9
58
70
16
47
63
37
39
97
89
88
15
83
96
91
93
52
49
87
26
17
37
70
4
28
34
28
56
13
16
21
16
98
16
8
62
25
44
22
95
97
93
86
75
87
13
42
100
84
6
1
75
25
42
74
46
21
12
96
57
48
24
67
1
27
41
33
76
28
80
90
65
91
36
83
77
48
16
30
100
65
36
42
41
60
43
86
94
17
45
2
29
64
50
26
43
95
56
24
21
70
74
95
35
36
96
72
96
40
9
42
38
34
98
8
53
31
44
68
73
43
9
100
45
17
98
29
43
85
1
73
85
63
38
50
93
81
87
93
68
87
32
71
88
15
67
1
35
52
68
77
31
68
51
49
35
72
71
52
64
25
42
27
19
3
22
14
49
92
66
77
65
3
83
40
47
72
78
13
45
1
30
25
26
45
0
26
0
71
89
30
95
71
53
71
19
47
53
35
32
15
92
87
48
34
59
35
26
10
15
3
45
8
97
88
95
7
81
72
31
68
54
16
86
89
8
49
85
93
2
5
85
49
47
35
80
41
92
63
76
11
61
21
72
21
95
88
80
93
45
89
16
87
43
33
73
70
71
44
17
17
82
72
84
84
12
32
18
70
21
92
84
56
85
7
93
50
95
4
65
99
41
37
90
65
77
39
58
45
1
22
14
69
83
55
40
58
84
23
42
5
63
28
66
23
56
53
66
62
76
77
62
9
37
89
26
15
38
18
50
73
83
50
86
46
21
28
45
22
93
87
24
76
52
49
83
13
72
25
97
79
84
85
22
6
34
20
56
70
29
78
79
1
64
59
73
39
33
43
15
11
17
95
98
75
87
82
10
57
7
48
5
81
31
21
36
28
9
68
85
63
72
54
79
95
53
99
43
96
97
80
95
70
43
94
89
9
1
70
11
33
68
75
85
33
1
31
2
87
11
86
44
43
70
17
13
3
1
9
51
67
20
64
37
53
25
94
19
94
48
72
11
42
46
84
95
100
10
36
4
6
2
73
6
40
31
70
81
37
99
97
34
4
85
83
1
12
93
35
39
48
37
100
3
25
16
46
84
64
87
67
75
14
36
63
51
19
63
41
56
42
69
51
23
46
55
70
78
90
15
89
46
53
45
4
55
21
100
73
32
30
71
90
87
97
39
50
17
63
24
71
14
55
0
28
93
78
93
60
44
38
13
62
94
96
60
10
76
40
2
77
61
80
4
92
51
29
39
50
98
2
12
56
35
70
33
11
29
5
31
54
78
19
8
27
16
28
35
7
8
82
32
24
88
12
35
95
56
20
12
21
58
29
50
57
55
62
0
68
61
5
12
85
34
92
29
97
37
67
28
16
94
90
83
88
34
26
95
9
75
67
54
59
8
47
39
37
4
9
65
24
28
12
16
14
38
37
66
26
57
23
5
33
45
89
50
0
36
10
94
0
6
16
76
52
64
68
71
51
14
26
85
6
51
100
59
95
84
11
73
100
78
97
42
83
34
87
72
92
91
73
21
36
9
2
20
76
29
28
91
5
11
29
82
55
82
64
50
43
75
22
97
63
75
14
3
30
96
35
43
31
70
32
98
64
35
89
83
24
64
17
11
73
19
68
44
71
74
70
43
90
39
26
26
90
28
63
17
41
84
14
92
17
11
67
93
33
68
57
20
70
59
76
92
10
88
51
31
50
20
91
33
42
82
78
36
62
22
70
43
88
1
43
74
55
72
19
50
92
31
92
45
9
75
15
75
77
57
22
26
47
10
52
30
92
55
63
13
97
61
30
20
88
14
93
77
21
0
91
92
86
12
34
38
64
79
28
75
54
7
68
61
66
50
43
47
31
61
32
69
37
6
25
32
1
13
99
59
34
30
13
31
2
71
72
83
66
50
62
13
46
4
3
19
80
39
95
12
92
84
32
99
88
99
23
97
51
34
40
10
83
27
57
84
39
61
20
10
93
29
7
59
64
28
37
93
79
10
5
79
77
21
30
87
80
77
14
70
20
41
32
60
83
72
8
57
22
22
7
44
3
62
99
86
53
78
0
60
96
91
43
65
79
37
11
68
82
96
29
26
98
34
84
98
6
27
33
42
53
52
31
1
49
90
13
97
78
52
49
69
32
68
19
51
80
97
65
84
57
63
72
82
7
55
69
77
71
57
82
60
34
13
72
97
0
65
24
15
73
8
80
51
70
29
60
99
71
10
23
7
83
30
82
44
60
59
20
68
31
56
86
32
97
0
72
73
97
81
5
53
62
47
97
100
82
1
41
86
64
4
70
14
57
2
40
41
17
27
66
78
61
24
25
76
13
27
98
46
73
18
44
62
55
82
94
96
99
54
92
45
45
8
75
44
96
100
73
72
71
31
32
49
41
75
61
15
90
64
77
93
25
73
11
70
51
83
75
31
14
24
68
79
25
77
11
27
22
75
92
65
84
50
58
44
13
5
89
28
44
57
38
69
85
67
23
89
20
98
47
24
32
78
58
2
25
30
27
8
1
42
33
10
18
13
79
86
