-5.26163 -973.979
-5.25753 -993.361
-5.25353 -1012.38
-5.24943 -1028.81
-5.24533 -1041.54
-5.24133 -1052.55
-5.23723 -1059.76
-5.23313 -1063.29
-5.22913 -1063.76
-5.22503 -1062.85
-5.22093 -1059.82
-5.21683 -1055.4
-5.21283 -1048.69
-5.20873 -1039.7
-5.20463 -1028.39
-5.20063 -1014.86
-5.19653 -998.851
-5.19243 -981.952
-5.18843 -964.89
-5.18433 -946.879
-5.18023 -928.748
-5.17613 -911.769
-5.17213 -895.486
-5.16803 -879.788
-5.16393 -865.539
-5.15993 -852.409
-5.15583 -839.046
-5.15173 -822.998
-5.14773 -801.413
-5.14363 -772.541
-5.13953 -734.532
-5.13553 -686.318
-5.13143 -633.3
-5.12733 -581.666
-5.12323 -535.976
-5.11923 -500.626
-5.11513 -481.073
-5.11103 -475.27
-5.10703 -479.794
-5.10293 -491.036
-5.09883 -507.05
-5.09483 -522.732
-5.09073 -535.583
-5.08663 -543.843
-5.08263 -547.635
-5.07853 -544.448
-5.07443 -534.364
-5.07033 -518.69
-5.06633 -499.913
-5.06223 -478.71
-5.05813 -457.796
-5.05413 -439.93
-5.05003 -427.341
-5.04593 -419.774
-5.04193 -417.874
-5.03783 -421.531
-5.03373 -429.319
-5.02973 -437.579
-5.02563 -444.527
-5.02153 -448.285
-5.01743 -446.96
-5.01343 -438.973
-5.00933 -425.763
-5.00523 -408.814
-5.00123 -389.562
-4.99713 -369.894
-4.99303 -352.464
-4.98903 -338.886
-4.98493 -329.677
-4.98083 -324.785
-4.97683 -323.473
-4.97273 -324.494
-4.96863 -325.75
-4.96453 -325.511
-4.96053 -322.475
-4.95643 -316.593
-4.95233 -306.684
-4.94833 -293.208
-4.94423 -277.314
-4.94013 -260.738
-4.93613 -243.055
-4.93203 -226.068
-4.92793 -209.498
-4.92383 -192.129
-4.91983 -171.165
-4.91573 -145.127
-4.91163 -111.142
-4.90763 -67.1505
-4.90353 -11.2127
-4.89943 56.5701
-4.89543 135.889
-4.89133 226.779
-4.88723 329.015
-4.88323 442.848
-4.87913 573.578
-4.87503 730.482
-4.87093 923.74
-4.86693 1164.4
-4.86283 1463.04
-4.85873 1821.15
-4.85473 2229.02
-4.85063 2669.94
-4.84653 3121.87
-4.84253 3557.54
-4.83843 3952.08
-4.83433 4290.65
-4.83033 4566.08
-4.82623 4777.73
-4.82213 4931.34
-4.81803 5039
-4.81403 5109.89
-4.80993 5151.3
-4.80583 5168.42
-4.80183 5167.43
-4.79773 5151.19
-4.79363 5125.03
-4.78963 5097.41
-4.78553 5076.88
-4.78143 5069.52
-4.77743 5081.71
-4.77333 5118.31
-4.76923 5177.5
-4.76513 5262.3
-4.76113 5379.83
-4.75703 5540.14
-4.75293 5754.61
-4.74893 6038.87
-4.74483 6395.54
-4.74073 6814.38
-4.73673 7270.29
-4.73263 7725.92
-4.72853 8137.99
-4.72453 8472.03
-4.72043 8704.48
-4.71633 8830.18
-4.71223 8862.14
-4.70823 8824.69
-4.70413 8746.57
-4.70003 8657.78
-4.69603 8582.84
-4.69193 8540.71
-4.68783 8551.74
-4.68383 8641.93
-4.67973 8840.17
-4.67563 9170.94
-4.67163 9649.72
-4.66753 10263.3
-4.66343 10958.1
-4.65933 11654
-4.65533 12269.1
-4.65123 12728.5
-4.64713 12987.9
-4.64313 13050.7
-4.63903 12960.7
-4.63493 12782.5
-4.63093 12605.7
-4.62683 12529.8
-4.62273 12652.2
-4.61873 13051.8
-4.61463 13778.1
-4.61053 14826
-4.60643 16145
-4.60243 17644.3
-4.59833 19215.3
-4.59423 20756.4
-4.59023 22188.7
-4.58613 23439.9
-4.58203 24444.2
-4.57803 25139.6
-4.57393 25457.9
-4.56983 25344
-4.56583 24782.6
-4.56173 23802.1
-4.55763 22467.7
-4.55353 20884.3
-4.54953 19176.7
-4.54543 17470.7
-4.54133 15887.1
-4.53733 14528
-4.53323 13457.6
-4.52913 12695.9
-4.52513 12210.1
-4.52103 11910.1
-4.51693 11682.4
-4.51283 11422.9
-4.50883 11046.5
-4.50473 10506.8
-4.50063 9812.05
-4.49663 8998.6
-4.49253 8108.47
-4.48843 7188.66
-4.48443 6282.98
-4.48033 5419.31
-4.47623 4614.88
-4.47223 3880.86
-4.46813 3222.63
-4.46403 2639.47
-4.45993 2127.96
-4.45593 1683.77
-4.45183 1303.94
-4.44773 984.95
-4.44373 723.086
-4.43963 515.102
-4.43553 359.709
-4.43153 253.568
-4.42743 191.943
-4.42333 169.07
-4.41933 176.457
-4.41523 199.8
-4.41113 224.836
-4.40703 239.273
-4.40303 233.578
-4.39893 203.207
-4.39483 151.551
-4.39083 85.5642
-4.38673 13.2218
-4.38263 -58.3203
-4.37863 -124.169
-4.37453 -184.069
-4.37043 -239.928
-4.36643 -295.214
-4.36233 -352.786
-4.35823 -414.853
-4.35413 -480.312
-4.35013 -546.804
-4.34603 -610.046
-4.34193 -667.045
-4.33793 -714.871
-4.33383 -753.305
-4.32973 -784.059
-4.32573 -811.941
-4.32163 -840.034
-4.31753 -871.338
-4.31353 -907.999
-4.30943 -950.744
-4.30533 -996.8
-4.30123 -1044.77
-4.29723 -1093.07
-4.29313 -1139.84
-4.28903 -1183.21
-4.28503 -1223.33
-4.28093 -1259.12
-4.27683 -1290.62
-4.27283 -1317.81
-4.26873 -1340.72
-4.26463 -1359.03
-4.26053 -1374.41
-4.25653 -1386.62
-4.25243 -1395.75
-4.24833 -1402.84
-4.24433 -1408.87
-4.24023 -1413.43
-4.23613 -1417.44
-4.23213 -1422.55
-4.22803 -1428.6
-4.22393 -1435.71
-4.21993 -1443.19
-4.21583 -1451.11
-4.21173 -1457.18
-4.20763 -1461.24
-4.20363 -1462.36
-4.19953 -1461.29
-4.19543 -1457.38
-4.19143 -1452.33
-4.18733 -1446.21
-4.18323 -1439.73
-4.17923 -1433.22
-4.17513 -1426.5
-4.17103 -1418.8
-4.16703 -1410.7
-4.16293 -1402.57
-4.15883 -1393.74
-4.15473 -1385.87
-4.15073 -1379.69
-4.14663 -1374.59
-4.14253 -1370.28
-4.13853 -1367.83
-4.13443 -1365.65
-4.13033 -1363.33
-4.12633 -1361.46
-4.12223 -1359.97
-4.11813 -1357.25
-4.11413 -1353.15
-4.11003 -1347.17
-4.10593 -1337.38
-4.10183 -1322.29
-4.09783 -1301.77
-4.09373 -1276.36
-4.08963 -1246.48
-4.08563 -1214.71
-4.08153 -1183.45
-4.07743 -1155.71
-4.07343 -1132.6
-4.06933 -1115.12
-4.06523 -1103.36
-4.06123 -1098.11
-4.05713 -1098.17
-4.05303 -1103.24
-4.04893 -1113.36
-4.04493 -1127.18
-4.04083 -1141.99
-4.03673 -1155.66
-4.03273 -1166.87
-4.02863 -1173.2
-4.02453 -1174.91
-4.02053 -1173
-4.01643 -1169.84
-4.01233 -1165.88
-4.00833 -1163.66
-4.00423 -1162.82
-4.00013 -1164.12
-3.99603 -1166.04
-3.99203 -1169.4
-3.98793 -1172.89
-3.98383 -1177.09
-3.97983 -1180.88
-3.97573 -1185.14
-3.97163 -1188.86
-3.96763 -1192.21
-3.96353 -1194.94
-3.95943 -1197.4
-3.95543 -1198.97
-3.95133 -1199.93
-3.94723 -1200.67
-3.94313 -1201.44
-3.93913 -1201.72
-3.93503 -1201.69
-3.93093 -1201.64
-3.92693 -1201.32
-3.92283 -1200.29
-3.91873 -1199.54
-3.91473 -1199.31
-3.91063 -1199.59
-3.90653 -1200.39
-3.90243 -1201.63
-3.89843 -1203.31
-3.89433 -1205.65
-3.89023 -1207.89
-3.88623 -1208.67
-3.88213 -1208.07
-3.87803 -1204.83
-3.87403 -1197.41
-3.86993 -1185.96
-3.86583 -1172.89
-3.86183 -1158.42
-3.85773 -1142.58
-3.85363 -1122.91
-3.84953 -1097.09
-3.84553 -1060.78
-3.84143 -1010.71
-3.83733 -945.899
-3.83333 -875.072
-3.82923 -804.884
-3.82513 -742.411
-3.82113 -695.077
-3.81703 -669.346
-3.81293 -660.732
-3.80893 -666.19
-3.80483 -681.986
-3.80073 -704.253
-3.79663 -727.626
-3.79263 -751.383
-3.78853 -774.157
-3.78443 -796.324
-3.78043 -817.803
-3.77633 -839.139
-3.77223 -859.59
-3.76823 -879.249
-3.76413 -896.7
-3.76003 -910.906
-3.75603 -921.118
-3.75193 -927.66
-3.74783 -930.624
-3.74373 -930.008
-3.73973 -926.245
-3.73563 -919.485
-3.73153 -909.958
-3.72753 -896.584
-3.72343 -879.893
-3.71933 -858.439
-3.71533 -832.544
-3.71123 -801.796
-3.70713 -767.839
-3.70313 -731.827
-3.69903 -697.252
-3.69493 -665.933
-3.69083 -640.141
-3.68683 -621.199
-3.68273 -608.037
-3.67863 -598.938
-3.67463 -591.578
-3.67053 -583.322
-3.66643 -571.085
-3.66243 -554.636
-3.65833 -533.057
-3.65423 -506.37
-3.65023 -474.392
-3.64613 -437.777
-3.64203 -396.123
-3.63793 -349.193
-3.63393 -295.794
-3.62983 -234.854
-3.62573 -163.52
-3.62173 -79.2538
-3.61763 20.1102
-3.61353 133.179
-3.60953 256.581
-3.60543 382.505
-3.60133 502.053
-3.59733 604.996
-3.59323 684.374
-3.58913 735.175
-3.58503 757.107
-3.58103 752.876
-3.57693 728.15
-3.57283 689.611
-3.56883 645.165
-3.56473 601.95
-3.56063 565.453
-3.55663 540.458
-3.55253 529.795
-3.54843 533.916
-3.54433 552.031
-3.54033 583.739
-3.53623 627.356
-3.53213 681.992
-3.52813 749.986
-3.52403 834.581
-3.51993 937.738
-3.51593 1060.06
-3.51183 1198.64
-3.50773 1344
-3.50373 1483.14
-3.49963 1601.36
-3.49553 1686.06
-3.49143 1729.28
-3.48743 1729.4
-3.48333 1689.46
-3.47923 1618.54
-3.47523 1526.9
-3.47113 1424.24
-3.46703 1318.88
-3.46303 1219.1
-3.45893 1128.86
-3.45483 1051.44
-3.45083 989.327
-3.44673 944.474
-3.44263 915.967
-3.43853 904.513
-3.43453 909.769
-3.43043 931.506
-3.42633 970.128
-3.42233 1027.54
-3.41823 1103.32
-3.41413 1194.73
-3.41013 1295.4
-3.40603 1395.03
-3.40193 1480.44
-3.39793 1539.3
-3.39383 1562.65
-3.38973 1545.99
-3.38563 1489.36
-3.38163 1397.89
-3.37753 1279.07
-3.37343 1141.34
-3.36943 993.289
-3.36533 843.639
-3.36123 699.193
-3.35723 564.944
-3.35313 444.314
-3.34903 339.658
-3.34503 251.945
-3.34093 180.829
-3.33683 125.97
-3.33273 87.0792
-3.32873 63.1617
-3.32463 51.9988
-3.32053 51.8395
-3.31653 61.1947
-3.31243 75.8213
-3.30833 90.6115
-3.30433 101.106
-3.30023 102.61
-3.29613 88.7588
-3.29213 57.9858
-3.28803 10.4413
-3.28393 -52.5597
-3.27983 -128.901
-3.27583 -212.581
-3.27173 -300.532
-3.26763 -389.295
-3.26363 -475.597
-3.25953 -555.664
-3.25543 -628.826
-3.25143 -693.216
-3.24733 -747.842
-3.24323 -792.286
-3.23913 -827.286
-3.23513 -852.939
-3.23103 -870.438
-3.22693 -881.594
-3.22293 -888.41
-3.21883 -892.327
-3.21473 -895.914
-3.21073 -900.435
-3.20663 -906.84
-3.20253 -915.5
-3.19853 -927.99
-3.19443 -943.524
-3.19033 -962.452
-3.18623 -984.026
-3.18223 -1008.95
-3.17813 -1036.21
-3.17403 -1065.9
-3.17003 -1097.41
-3.16593 -1131.18
-3.16183 -1164.94
-3.15783 -1197.7
-3.15373 -1228.38
-3.14963 -1256.87
-3.14563 -1282.04
-3.14153 -1305.34
-3.13743 -1326.43
-3.13333 -1345.54
-3.12933 -1361.18
-3.12523 -1373.84
-3.12113 -1381.91
-3.11713 -1386.16
-3.11303 -1387.02
-3.10893 -1386.47
-3.10493 -1384.08
-3.10083 -1381.66
-3.09673 -1380.02
-3.09273 -1379.11
-3.08863 -1378.76
-3.08453 -1379.95
-3.08043 -1382.06
-3.07643 -1384.27
-3.07233 -1386.19
-3.06823 -1387.21
-3.06423 -1387.59
-3.06013 -1387.35
-3.05603 -1386.35
-3.05203 -1385.63
-3.04793 -1385.65
-3.04383 -1385.42
-3.03983 -1385.13
-3.03573 -1385.63
-3.03163 -1386.14
-3.02753 -1386.65
-3.02353 -1387.65
-3.01943 -1389.61
-3.01533 -1392
-3.01133 -1394.96
-3.00723 -1398.07
-3.00313 -1400.66
-2.99913 -1400.91
-2.99503 -1398.29
-2.99093 -1391.95
-2.98693 -1381.38
-2.98283 -1366.96
-2.97873 -1350.52
-2.97463 -1332.03
-2.97063 -1312.49
-2.96653 -1293.75
-2.96243 -1276.39
-2.9584 -1259.66
-2.95433 -1245.62
-2.95026 -1235.61
-2.94619 -1228.97
-2.94212 -1226.05
-2.93805 -1227.77
-2.93398 -1233.39
-2.92991 -1241.06
-2.92584 -1250.43
-2.92177 -1261.19
-2.9177 -1272.8
-2.91363 -1283.23
-2.90956 -1292.64
-2.9055 -1301.22
-2.90142 -1307.23
-2.89736 -1309.69
-2.89329 -1310.55
-2.88922 -1310.04
-2.88515 -1307.21
-2.88108 -1304.01
-2.87701 -1301.3
-2.87294 -1298.16
-2.86887 -1294.35
-2.8648 -1290.44
-2.86073 -1285.42
-2.85666 -1279.02
-2.85259 -1271.3
-2.84852 -1262.08
-2.84446 -1252.05
-2.84039 -1241.5
-2.83632 -1230.79
-2.83225 -1220.48
-2.82818 -1211.94
-2.82411 -1204.31
-2.82004 -1198.11
-2.81597 -1193.61
-2.8119 -1190.39
-2.80783 -1186.8
-2.80376 -1183.98
-2.79969 -1181.64
-2.79562 -1179.23
-2.79155 -1177.46
-2.78748 -1177.96
-2.78341 -1179.29
-2.77935 -1181.84
-2.77528 -1186.3
-2.77121 -1192.18
-2.76714 -1198.76
-2.76307 -1208.15
-2.759 -1219.77
-2.75493 -1232.96
-2.75086 -1247.31
-2.74679 -1262.91
-2.74272 -1277.02
-2.73865 -1289.46
-2.73458 -1299.83
-2.73051 -1307.67
-2.72644 -1311.55
-2.72238 -1312.44
-2.71831 -1309.94
-2.71424 -1303.67
-2.71017 -1294.66
-2.7061 -1283.41
-2.70203 -1269.98
-2.69796 -1254.56
-2.69389 -1238.48
-2.68982 -1220.82
-2.68575 -1203.37
-2.68168 -1186.05
-2.67761 -1169.91
-2.67354 -1154.49
-2.66947 -1141.45
-2.6654 -1129.22
-2.66134 -1118.46
-2.65727 -1108.46
-2.6532 -1098.83
-2.64913 -1087.05
-2.64506 -1073.17
-2.64099 -1056.22
-2.63692 -1036
-2.63285 -1013
-2.62878 -989.312
-2.62471 -966.685
-2.62064 -946.977
-2.61657 -931.962
-2.6125 -923.018
-2.60843 -920.749
-2.60436 -924.138
-2.6003 -932.046
-2.59623 -942.957
-2.59216 -955.249
-2.58809 -967.793
-2.58402 -980.125
-2.57995 -992.539
-2.57588 -1005.21
-2.57181 -1018.82
-2.56774 -1033.13
-2.56367 -1048.75
-2.5596 -1065.69
-2.55553 -1084.27
-2.55146 -1103.19
-2.54739 -1122.28
-2.54332 -1140.93
-2.53925 -1157.49
-2.53519 -1170.65
-2.53112 -1181.69
-2.52705 -1190.93
-2.52298 -1198.82
-2.51891 -1207.14
-2.51484 -1217.37
-2.51077 -1228.51
-2.5067 -1240.45
-2.50263 -1252.35
-2.49856 -1263.45
-2.49449 -1272.53
-2.49042 -1280.2
-2.48635 -1286.29
-2.48229 -1291.24
-2.47821 -1295.12
-2.47415 -1298.67
-2.47008 -1301.76
-2.46601 -1305.35
-2.46194 -1309.79
-2.45787 -1315.09
-2.4538 -1321.36
-2.44973 -1328.54
-2.44566 -1334.47
-2.44159 -1338.3
-2.43752 -1340.14
-2.43345 -1339.01
-2.42938 -1334.64
-2.42531 -1328.39
-2.42124 -1320.35
-2.41717 -1309.94
-2.41311 -1297.34
-2.40904 -1282.09
-2.40497 -1264.53
-2.4009 -1246.18
-2.39683 -1227.83
-2.39276 -1211.49
-2.38869 -1199.39
-2.38462 -1192.25
-2.38055 -1189.18
-2.37648 -1190.84
-2.37241 -1195.64
-2.36834 -1202.38
-2.36427 -1210
-2.3602 -1218.69
-2.35614 -1227.25
-2.35207 -1236.38
-2.348 -1245.83
-2.34393 -1255.52
-2.33986 -1264.32
-2.33579 -1273.23
-2.33172 -1280.88
-2.32765 -1286.3
-2.32358 -1289.06
-2.31951 -1289.86
-2.31544 -1287.09
-2.31137 -1281.89
-2.3073 -1275.5
-2.30323 -1268.74
-2.29917 -1262.22
-2.2951 -1256.89
-2.29103 -1252.6
-2.28696 -1249.24
-2.28289 -1247.01
-2.27882 -1245.42
-2.27475 -1245.12
-2.27068 -1246.37
-2.26661 -1249.38
-2.26254 -1254.4
-2.25847 -1261.47
-2.2544 -1269.74
-2.25033 -1278.58
-2.24626 -1287.57
-2.24219 -1295.27
-2.23813 -1301.43
-2.23406 -1306.39
-2.22999 -1310.18
-2.22592 -1313.01
-2.22185 -1315.82
-2.21778 -1318.74
-2.21371 -1321.4
-2.20964 -1324.46
-2.20557 -1327.32
-2.2015 -1330.65
-2.19743 -1335.16
-2.19336 -1341.69
-2.18929 -1350.07
-2.18522 -1361.08
-2.18115 -1373.6
-2.17709 -1386.33
-2.17302 -1398.16
-2.16895 -1408.71
-2.16488 -1417.25
-2.16081 -1423.77
-2.15674 -1427.8
-2.15267 -1429.05
-2.1486 -1426.26
-2.14453 -1417.98
-2.14046 -1403.06
-2.13639 -1382.81
-2.13232 -1357.8
-2.12825 -1329.53
-2.12418 -1300.26
-2.12011 -1272.49
-2.11604 -1245.98
-2.11198 -1221.16
-2.10791 -1199.05
-2.10384 -1180.13
-2.09977 -1163.45
-2.0957 -1149.55
-2.09163 -1137.76
-2.08756 -1126.27
-2.08349 -1112.98
-2.07942 -1097.7
-2.07535 -1079.63
-2.07128 -1059.37
-2.06721 -1037.95
-2.06314 -1017.07
-2.05907 -996.764
-2.055 -977.671
-2.05094 -959.907
-2.04687 -943.558
-2.0428 -927.655
-2.03873 -912.848
-2.03466 -897.371
-2.03059 -878.932
-2.02652 -845.164
-2.02245 -780.18
-2.01838 -670.713
-2.01431 -507.021
-2.01024 -279.757
-2.00617 -10.7907
-2.0021 262.275
-1.99803 511.264
-1.99397 708.427
-1.9899 821.42
-1.98583 849.924
-1.98176 812.577
-1.97769 720.256
-1.97362 586.169
-1.96955 432.437
-1.96548 271.883
-1.96141 110.057
-1.95734 -45.4022
-1.95327 -186.983
-1.9492 -312.047
-1.94513 -420.47
-1.94106 -512.301
-1.93699 -588.429
-1.93293 -651.337
-1.92886 -703.467
-1.92479 -745.95
-1.92072 -781.22
-1.91665 -810.931
-1.91258 -836.033
-1.90851 -856.664
-1.90444 -874.272
-1.90037 -888.22
-1.8963 -898.376
-1.89223 -905.276
-1.88816 -910.814
-1.88409 -915.61
-1.88002 -920.531
-1.87595 -927.097
-1.87189 -935.597
-1.86782 -945.624
-1.86375 -956.463
-1.85968 -968.536
-1.85561 -979.93
-1.85154 -990.75
-1.84747 -1000.06
-1.8434 -1007.7
-1.83933 -1013.78
-1.83526 -1020.15
-1.83119 -1026.08
-1.82712 -1031.13
-1.82305 -1035.45
-1.81898 -1036.58
-1.81491 -1031.71
-1.81085 -1019.14
-1.80678 -998.807
-1.80271 -969.411
-1.79864 -932.009
-1.79457 -887.93
-1.7905 -839.598
-1.78643 -787.854
-1.78236 -734.38
-1.77829 -679.902
-1.77422 -625.276
-1.77015 -569.57
-1.76608 -512.359
-1.76201 -452.976
-1.75794 -391.286
-1.75387 -325.81
-1.74981 -255.846
-1.74574 -180.605
-1.74167 -97.9992
-1.7376 -4.8997
-1.73353 100.376
-1.72946 219.996
-1.72539 357.628
-1.72132 515.244
-1.71725 694.689
-1.71318 900.011
-1.70911 1135.77
-1.70504 1405.45
-1.70097 1716.5
-1.6969 2078.93
-1.69283 2504.91
-1.68877 3012.24
-1.6847 3628.77
-1.68063 4390.16
-1.67656 5343.9
-1.67249 6545.44
-1.66842 8045.18
-1.66435 9868.17
-1.66028 11999.1
-1.65621 14362.5
-1.65214 16821.7
-1.64807 19196.1
-1.644 21296.1
-1.63993 22951.9
-1.63587 24047.5
-1.63179 24534.7
-1.62773 24432.1
-1.62366 23806.4
-1.61959 22753.4
-1.61552 21381.3
-1.61145 19796
-1.60738 18089.9
-1.60331 16340.4
-1.59924 14610.5
-1.59517 12945.8
-1.5911 11376.7
-1.58703 9921.76
-1.58296 8592.12
-1.57889 7390.49
-1.57483 6315.07
-1.57076 5361.43
-1.56669 4522.85
-1.56262 3788.96
-1.55855 3149.48
-1.55448 2593.98
-1.55041 2111.31
-1.54634 1691.13
-1.54227 1326.1
-1.5382 1008.87
-1.53413 732.95
-1.53006 493.516
-1.52599 287.636
-1.52192 110.841
-1.51785 -40.0399
-1.51379 -167.141
-1.50972 -272.535
-1.50565 -360.789
-1.50158 -433.366
-1.49751 -492.094
-1.49344 -539.829
-1.48937 -579.251
-1.4853 -609.864
-1.48123 -634.218
-1.47716 -654.858
-1.47309 -672.89
-1.46902 -689.683
-1.46495 -708.124
-1.46088 -728.723
-1.45682 -750.735
-1.45275 -774.141
-1.44868 -797.634
-1.44461 -819.69
-1.44054 -840.009
-1.43647 -859.261
-1.4324 -877.56
-1.42833 -896.29
-1.42426 -916.464
-1.42019 -937.689
-1.41612 -958.972
-1.41205 -979.897
-1.40798 -999.702
-1.40391 -1017.3
-1.39984 -1033.23
-1.39578 -1048.33
-1.39171 -1062.72
-1.38764 -1076.07
-1.38357 -1088.88
-1.3795 -1100.37
-1.37543 -1109.95
-1.37136 -1117.65
-1.36729 -1123.67
-1.36322 -1127.98
-1.35915 -1131.75
-1.35508 -1135.61
-1.35101 -1140.06
-1.34694 -1145.85
-1.34287 -1153.79
-1.3388 -1163.31
-1.33474 -1174.22
-1.33067 -1186.28
-1.3266 -1198.5
-1.32253 -1209.81
-1.31846 -1219.77
-1.31439 -1228.16
-1.31032 -1234.14
-1.30625 -1238.04
-1.30218 -1239.89
-1.29811 -1239.81
-1.29404 -1237.74
-1.28997 -1235.08
-1.2859 -1232.34
-1.28183 -1230.41
-1.27776 -1230.35
-1.27369 -1232.42
-1.26963 -1235.47
-1.26556 -1239.3
-1.26149 -1242.62
-1.25742 -1244.12
-1.25335 -1244.33
-1.24928 -1244.52
-1.24521 -1244.1
-1.24114 -1245.58
-1.23707 -1249.84
-1.233 -1256.33
-1.22893 -1264.11
-1.22486 -1274.35
-1.22079 -1284.56
-1.21672 -1294.92
-1.21265 -1304.86
-1.20859 -1314.92
-1.20452 -1323.69
-1.20045 -1331.9
-1.19638 -1338.58
-1.19231 -1345.13
-1.18824 -1350.34
-1.18417 -1355.1
-1.1801 -1359.12
-1.17603 -1361.89
-1.17196 -1361.01
-1.16789 -1357.01
-1.16382 -1348.66
-1.15975 -1335.03
-1.15568 -1317.07
-1.15161 -1296.32
-1.14755 -1272.77
-1.14348 -1247.63
-1.13941 -1223.29
-1.13534 -1200.33
-1.13127 -1179.67
-1.1272 -1162.9
-1.12313 -1150.39
-1.11906 -1140.85
-1.11499 -1134.02
-1.11092 -1129.03
-1.10685 -1124.06
-1.10278 -1118.41
-1.09871 -1113.14
-1.09464 -1108.15
-1.09057 -1103.6
-1.08651 -1100.91
-1.08244 -1101.14
-1.07837 -1103.01
-1.0743 -1105.77
-1.07023 -1109.18
-1.06616 -1112.25
-1.06209 -1113.51
-1.05802 -1113.63
-1.05395 -1113.79
-1.04988 -1114.22
-1.04581 -1115.17
-1.04174 -1116.93
-1.03767 -1119.24
-1.0336 -1121.41
-1.02953 -1123.35
-1.02547 -1125.04
-1.0214 -1127.5
-1.01733 -1130.92
-1.01326 -1135.87
-1.00919 -1142.61
-1.00512 -1151.04
-1.00105 -1160.21
-0.99698 -1169.4
-0.99291 -1176.94
-0.98884 -1181.91
-0.98477 -1184.15
-0.9807 -1183
-0.97663 -1179.39
-0.97257 -1175.05
-0.96849 -1170.94
-0.96443 -1167.62
-0.96036 -1167.18
-0.95629 -1169.84
-0.95222 -1175.17
-0.94815 -1182.76
-0.94408 -1192.57
-0.94001 -1202.23
-0.93594 -1209.87
-0.93187 -1215.02
-0.9278 -1217.5
-0.92373 -1216.54
-0.91966 -1213.96
-0.91559 -1211.92
-0.91153 -1211.28
-0.90746 -1212.88
-0.90339 -1217.93
-0.89932 -1225.97
-0.89525 -1236.28
-0.89118 -1247.95
-0.88711 -1260.33
-0.88304 -1271.78
-0.87897 -1281.42
-0.8749 -1288.02
-0.87083 -1291.68
-0.86676 -1291.57
-0.86269 -1288.33
-0.85862 -1282.44
-0.85455 -1275.26
-0.85048 -1266.59
-0.84642 -1257.49
-0.84235 -1248.49
-0.83828 -1239.6
-0.83421 -1230.39
-0.83014 -1222.4
-0.82607 -1215.82
-0.822 -1210.97
-0.81793 -1209.13
-0.81386 -1211.36
-0.80979 -1216.26
-0.80572 -1223.8
-0.80165 -1233.78
-0.79758 -1244.38
-0.79351 -1254.17
-0.78945 -1263.25
-0.78538 -1271.4
-0.78131 -1277.4
-0.77724 -1282.23
-0.77317 -1285.68
-0.7691 -1287.52
-0.76503 -1287.09
-0.76096 -1284.56
-0.75689 -1278.68
-0.75282 -1270.21
-0.74875 -1259.27
-0.74468 -1245.73
-0.74061 -1230.03
-0.73654 -1213.28
-0.73247 -1194.9
-0.7284 -1174.89
-0.72434 -1154.53
-0.72027 -1134.11
-0.7162 -1113.75
-0.71213 -1094.71
-0.70806 -1078.22
-0.70399 -1064.16
-0.69992 -1053.41
-0.69585 -1046.47
-0.69178 -1042.83
-0.68771 -1041.91
-0.68364 -1043.29
-0.67957 -1045.49
-0.6755 -1046.86
-0.67143 -1047.27
-0.66737 -1046.78
-0.6633 -1045.84
-0.65923 -1046.21
-0.65516 -1050.41
-0.65109 -1058.96
-0.64702 -1071.24
-0.64295 -1086.87
-0.63888 -1104.59
-0.63481 -1122.09
-0.63074 -1138.48
-0.62667 -1153.72
-0.6226 -1167.53
-0.61853 -1179.25
-0.61446 -1189.25
-0.61039 -1197.77
-0.60632 -1205.26
-0.60226 -1211.88
-0.59819 -1218.89
-0.59412 -1226.34
-0.59005 -1234.58
-0.58598 -1243.42
-0.58191 -1253.13
-0.57784 -1262.33
-0.57377 -1271.41
-0.5697 -1279.81
-0.56563 -1287.01
-0.56156 -1292.12
-0.55749 -1296.05
-0.55342 -1298.09
-0.54936 -1297.77
-0.54529 -1295.4
-0.54122 -1291.53
-0.53715 -1286.25
-0.53308 -1280.28
-0.52901 -1274.81
-0.52494 -1270.65
-0.52087 -1268.38
-0.5168 -1267.77
-0.51273 -1268.88
-0.50866 -1271.92
-0.50459 -1276.16
-0.50052 -1281.14
-0.49645 -1287.38
-0.49238 -1294.88
-0.48831 -1301.77
-0.48425 -1307.83
-0.48018 -1312.43
-0.47611 -1314.24
-0.47204 -1311.73
-0.46797 -1306.83
-0.4639 -1299.29
-0.45983 -1289.93
-0.45576 -1279.35
-0.45169 -1270.3
-0.44762 -1261.83
-0.44355 -1255.81
-0.43948 -1252.37
-0.43541 -1252.83
-0.43134 -1255.54
-0.42728 -1260.96
-0.42321 -1267.64
-0.41914 -1275.68
-0.41507 -1283.63
-0.411 -1290.89
-0.40693 -1297.24
-0.40286 -1301.99
-0.39879 -1304.09
-0.39472 -1303.35
-0.39065 -1301.41
-0.38658 -1298.42
-0.38251 -1296.18
-0.37844 -1295.7
-0.37437 -1298.72
-0.3703 -1304.39
-0.36623 -1312.21
-0.36217 -1320.59
-0.3581 -1328.45
-0.35403 -1333.9
-0.34996 -1336.88
-0.34589 -1338.05
-0.34182 -1338.67
-0.33775 -1340.84
-0.33368 -1345.44
-0.32961 -1352.3
-0.32554 -1360.77
-0.32147 -1369.02
-0.3174 -1374.28
-0.31333 -1376.22
-0.30926 -1375.17
-0.3052 -1371.1
-0.30113 -1366.54
-0.29706 -1363.79
-0.29299 -1362.8
-0.28892 -1363.27
-0.28485 -1366.27
-0.28078 -1370.03
-0.27671 -1372.26
-0.27264 -1373.08
-0.26857 -1372.94
-0.2645 -1370
-0.26043 -1364.24
-0.25636 -1357.63
-0.25229 -1350.06
-0.24823 -1340.84
-0.24416 -1331.96
-0.24009 -1324.23
-0.23602 -1317.36
-0.23195 -1312.43
-0.22788 -1310.6
-0.22381 -1310.82
-0.21974 -1313.15
-0.21567 -1316.92
-0.2116 -1321.23
-0.20753 -1325.3
-0.20346 -1329.52
-0.19939 -1333.39
-0.19532 -1337.59
-0.19125 -1341.86
-0.18718 -1346.1
-0.18312 -1349.55
-0.17905 -1352.45
-0.17498 -1353.78
-0.17091 -1353.79
-0.16684 -1352.01
-0.16277 -1348.69
-0.1587 -1342.27
-0.15463 -1333.25
-0.15056 -1321.41
-0.14649 -1307.62
-0.14242 -1292.78
-0.13835 -1279.81
-0.13428 -1269.28
-0.13021 -1262.19
-0.12615 -1258.9
-0.12208 -1259.35
-0.11801 -1261.45
-0.11394 -1265.18
-0.10987 -1269.71
-0.1058 -1274.37
-0.10173 -1277.65
-0.09766 -1281.05
-0.09359 -1283.8
-0.08952 -1285.63
-0.08545 -1286.16
-0.08138 -1286.82
-0.07731 -1285.1
-0.07324 -1280.7
-0.06917 -1274.3
-0.0651 -1265.76
-0.06104 -1253.35
-0.05697 -1238.8
-0.0529 -1220.86
-0.04883 -1186.22
-0.04476 -1126.69
-0.04069 -1036.47
-0.03662 -906.733
-0.03255 -733.695
-0.02848 -546.696
-0.02441 -365.543
-0.02034 -207.088
-0.01627 -92.9793
-0.0122 -43.0326
-0.00813 -41.9926
-0.00407 -81.8115
0 -155.325
0.00407 -250.304
0.00814 -351.022
0.01221 -455.132
0.01628 -558.092
0.02035 -655.697
0.02442 -744.674
0.02849 -824.19
0.03256 -893.565
0.03663 -952.501
0.0407 -1001.87
0.04477 -1043.61
0.04884 -1080.3
0.05291 -1113.56
0.05698 -1144.88
0.06104 -1173.77
0.06511 -1200.3
0.06918 -1222.88
0.07325 -1241.01
0.07732 -1255.09
0.08139 -1265.77
0.08546 -1273.05
0.08953 -1278.51
0.0936 -1282.88
0.09767 -1284.89
0.10174 -1284.76
0.10581 -1282.12
0.10988 -1276.28
0.11394 -1264.63
0.11801 -1248.38
0.12208 -1227.65
0.12615 -1203.61
0.13022 -1166.21
0.13429 -1132.67
0.13836 -1103.45
0.14243 -1078.97
