-5.26163 -43.8288
-5.25753 -195.97
-5.25353 -254.766
-5.24943 -241.581
-5.24533 -163.147
-5.24133 -69.8443
-5.23723 -52.6898
-5.23313 -46.168
-5.22913 -66.4702
-5.22503 -143.249
-5.22093 -255.809
-5.21683 -225.538
-5.21283 -89.2751
-5.20873 32.5556
-5.20463 38.2876
-5.20063 9.11862
-5.19653 -36.5672
-5.19243 -69.056
-5.18843 -82.9969
-5.18433 -17.8208
-5.18023 73.1556
-5.17613 111.483
-5.17213 114.472
-5.16803 163.029
-5.16393 218.292
-5.15993 173.659
-5.15583 108.884
-5.15173 149.388
-5.14773 261.712
-5.14363 302.642
-5.13953 240.923
-5.13553 165.197
-5.13143 138.894
-5.12733 189.216
-5.12323 280.685
-5.11923 321.369
-5.11513 294.609
-5.11103 418.549
-5.10703 906.425
-5.10293 1406.63
-5.09883 1393.28
-5.09483 853.584
-5.09073 376.433
-5.08663 217.567
-5.08263 235.246
-5.07853 227.425
-5.07443 250.856
-5.07033 284.623
-5.06633 334.279
-5.06223 391.278
-5.05813 471.852
-5.05413 474.091
-5.05003 471.012
-5.04593 589.008
-5.04193 804.261
-5.03783 876.469
-5.03373 769.093
-5.02973 663.6
-5.02563 666.473
-5.02153 657.635
-5.01743 587.343
-5.01343 502.524
-5.00933 433.852
-5.00523 342.625
-5.00123 323.56
-4.99713 428.84
-4.99303 578.898
-4.98903 650.213
-4.98493 705.332
-4.98083 805.227
-4.97683 883.331
-4.97273 857.898
-4.96863 789.981
-4.96453 771.384
-4.96053 766.715
-4.95643 701.556
-4.95233 587.184
-4.94833 513.473
-4.94423 522.834
-4.94013 608.452
-4.93613 719.824
-4.93203 789.121
-4.92793 758.651
-4.92383 740.388
-4.91983 825.811
-4.91573 981.69
-4.91163 1014.91
-4.90763 934.451
-4.90353 819.212
-4.89943 779.589
-4.89543 807.569
-4.89133 915.43
-4.88723 1045.31
-4.88323 1159.29
-4.87913 1282.18
-4.87503 1481.12
-4.87093 1723.16
-4.86693 1912.73
-4.86283 2042.75
-4.85873 2168.32
-4.85473 2288.87
-4.85063 2408.89
-4.84653 2587.06
-4.84253 2929.94
-4.83843 3628.67
-4.83433 4919.73
-4.83033 6592.11
-4.82623 7918.52
-4.82213 8393.8
-4.81803 8299
-4.81403 8088.99
-4.80993 7717.81
-4.80583 7033.19
-4.80183 6262.65
-4.79773 5827.61
-4.79363 5765.56
-4.78963 5945.61
-4.78553 6176.1
-4.78143 6337.56
-4.77743 6243.58
-4.77333 5946.01
-4.76923 5619.94
-4.76513 5480.88
-4.76113 5567.98
-4.75703 5744.11
-4.75293 5941.21
-4.74893 6277.42
-4.74483 6865.82
-4.74073 7295.13
-4.73673 7272.78
-4.73263 6995.19
-4.72853 7085.63
-4.72453 7782.71
-4.72043 9121.35
-4.71633 10946.1
-4.71223 12922.7
-4.70823 14300.2
-4.70413 14344.5
-4.70003 12980.4
-4.69603 11008.5
-4.69193 9327.57
-4.68783 8272.42
-4.68383 7703.54
-4.67973 7535.07
-4.67563 7778.09
-4.67163 8380.03
-4.66753 9125.67
-4.66343 9782.1
-4.65933 10263.8
-4.65533 10481.6
-4.65123 10533.6
-4.64713 11277.9
-4.64313 14301.4
-4.63903 19638.5
-4.63493 24238.4
-4.63093 24339.9
-4.62683 19772.7
-4.62273 13979.4
-4.61873 10215.1
-4.61463 8918.36
-4.61053 8933.63
-4.60643 9301.54
-4.60243 9944.99
-4.59833 10990.8
-4.59423 12973.1
-4.59023 16791.8
-4.58613 23204
-4.58203 30955.7
-4.57803 36980
-4.57393 38338
-4.56983 35154
-4.56583 30838.8
-4.56173 29264.9
-4.55763 31100.9
-4.55353 33473.7
-4.54953 33061.7
-4.54543 28528.9
-4.54133 21145.6
-4.53733 13589.5
-4.53323 8227.53
-4.52913 5494.93
-4.52513 4393.41
-4.52103 3961.02
-4.51693 3927.58
-4.51283 4418.12
-4.50883 5739.25
-4.50473 8648.31
-4.50063 13643.3
-4.49663 19172
-4.49253 21431
-4.48843 18041.4
-4.48443 11176.3
-4.48033 5278.24
-4.47623 2421.92
-4.47223 1591.87
-4.46813 1248.41
-4.46403 908.587
-4.45993 681.887
-4.45593 663.248
-4.45183 762.209
-4.44773 842.543
-4.44373 803.693
-4.43963 674.434
-4.43553 539.509
-4.43153 439.148
-4.42743 340.927
-4.42333 292.674
-4.41933 371.659
-4.41523 562.815
-4.41113 734.632
-4.40703 864.033
-4.40303 989.259
-4.39893 1194.57
-4.39483 1561.65
-4.39083 2075.12
-4.38673 2400.3
-4.38263 2176.76
-4.37863 1453.35
-4.37453 679.927
-4.37043 196.859
-4.36643 28.2068
-4.36233 39.4745
-4.35823 171.411
-4.35413 409.385
-4.35013 680.138
-4.34603 810.384
-4.34193 717.468
-4.33793 461.244
-4.33383 197.013
-4.32973 -24.9209
-4.32573 -169.095
-4.32163 -238.35
-4.31753 -209.68
-4.31353 -130.786
-4.30943 29.0415
-4.30533 266.552
-4.30123 459.408
-4.29723 365.016
-4.29313 17.3997
-4.28903 -295.889
-4.28503 -377.635
-4.28093 -368.874
-4.27683 -410.734
-4.27283 -487.188
-4.26873 -499.405
-4.26463 -467.535
-4.26053 -435.352
-4.25653 -436.184
-4.25243 -440.085
-4.24833 -467.865
-4.24433 -500.698
-4.24023 -491.734
-4.23613 -401.479
-4.23213 -350.099
-4.22803 -397.698
-4.22393 -478.636
-4.21993 -484.576
-4.21583 -433.943
-4.21173 -377.609
-4.20763 -350.988
-4.20363 -406.056
-4.19953 -506.569
-4.19543 -592.93
-4.19143 -576.575
-4.18733 -544.106
-4.18323 -499.28
-4.17923 -476.322
-4.17513 -419.541
-4.17103 -387.8
-4.16703 -369.229
-4.16293 -368.863
-4.15883 -360.275
-4.15473 -372.09
-4.15073 -427.805
-4.14663 -457.69
-4.14253 -402.943
-4.13853 -301.277
-4.13443 -264.17
-4.13033 -279.467
-4.12633 -318.806
-4.12223 -358.862
-4.11813 -397.053
-4.11413 -400.467
-4.11003 -392.012
-4.10593 -353.678
-4.10183 -305.149
-4.09783 -305.92
-4.09373 -384.778
-4.08963 -419.733
-4.08563 -349.622
-4.08153 -276.493
-4.07743 -271.124
-4.07343 -253.307
-4.06933 -125.54
-4.06523 33.9754
-4.06123 150.551
-4.05713 189.673
-4.05303 174.558
-4.04893 49.9098
-4.04493 -113.52
-4.04083 -190.397
-4.03673 -119.292
-4.03273 -53.0866
-4.02863 -91.4336
-4.02453 -196.429
-4.02053 -292.703
-4.01643 -360.09
-4.01233 -392.72
-4.00833 -354.451
-4.00423 -273.043
-4.00013 -138.607
-3.99603 -13.6261
-3.99203 60.2506
-3.98793 -7.46597
-3.98383 -127.744
-3.97983 -245.839
-3.97573 -266.045
-3.97163 -245.32
-3.96763 -174.356
-3.96353 -151.401
-3.95943 -170.299
-3.95543 -246.083
-3.95133 -274.635
-3.94723 -240.739
-3.94313 -165.591
-3.93913 -143.792
-3.93503 -211.081
-3.93093 -290.286
-3.92693 -263.691
-3.92283 -141.866
-3.91873 -90.577
-3.91473 -187.1
-3.91063 -288.001
-3.90653 -268.619
-3.90243 -186.028
-3.89843 -163.097
-3.89433 -163.095
-3.89023 -143.317
-3.88623 -156.364
-3.88213 -253.721
-3.87803 -323.79
-3.87403 -244.63
-3.86993 -116.555
-3.86583 -130.307
-3.86183 -274.721
-3.85773 -342.801
-3.85363 -291.285
-3.84953 -198.484
-3.84553 -88.5163
-3.84143 66.9086
-3.83733 125.319
-3.83333 19.0252
-3.82923 -117.224
-3.82513 -112.227
-3.82113 -113.867
-3.81703 -116.428
-3.81293 206.405
-3.80893 1050.26
-3.80483 1692.36
-3.80073 1477.37
-3.79663 643.952
-3.79263 67.4939
-3.78853 -55.3094
-3.78443 -6.17444
-3.78043 -25.6569
-3.77633 -6.48976
-3.77223 52.1791
-3.76823 89.158
-3.76413 66.1153
-3.76003 96.8647
-3.75603 173.753
-3.75193 170.203
-3.74783 13.5677
-3.74373 -142.797
-3.73973 -160.414
-3.73563 -47.7224
-3.73153 70.7847
-3.72753 137.319
-3.72343 129.909
-3.71933 74.7696
-3.71533 45.2579
-3.71123 92.8378
-3.70713 205.485
-3.70313 251.963
-3.69903 228.631
-3.69493 171.899
-3.69083 236.027
-3.68683 384.482
-3.68273 560.705
-3.67863 643.642
-3.67463 656.215
-3.67053 624.354
-3.66643 580.068
-3.66243 515.064
-3.65833 401.452
-3.65423 299.427
-3.65023 238.737
-3.64613 273.142
-3.64203 385.795
-3.63793 588.214
-3.63393 751.661
-3.62983 779.448
-3.62573 705.958
-3.62173 700.08
-3.61763 821.044
-3.61353 980.464
-3.60953 1084.76
-3.60543 1146.46
-3.60133 1185
-3.59733 1241.2
-3.59323 1381.95
-3.58913 1751.74
-3.58503 2286.81
-3.58103 2765.64
-3.57693 2893.96
-3.57283 2672.18
-3.56883 2281.98
-3.56473 1944.17
-3.56063 1666.34
-3.55663 1398.6
-3.55253 1154.33
-3.54843 1020.77
-3.54433 1020.8
-3.54033 1090.32
-3.53623 1185.46
-3.53213 1305.69
-3.52813 1490.48
-3.52403 1687.11
-3.51993 1814.04
-3.51593 1879.25
-3.51183 2007.32
-3.50773 2181.55
-3.50373 2224.04
-3.49963 2132.56
-3.49553 2168.65
-3.49143 2558.65
-3.48743 3211.65
-3.48333 3870.39
-3.47923 4269.97
-3.47523 4242.03
-3.47113 3738.52
-3.46703 2961.35
-3.46303 2243.17
-3.45893 1798.51
-3.45483 1543.98
-3.45083 1383.67
-3.44673 1319.74
-3.44263 1393.39
-3.43853 1507.52
-3.43453 1599.52
-3.43043 1625.74
-3.42633 1636.1
-3.42233 1668.01
-3.41823 1777.91
-3.41413 1917.43
-3.41013 2075.89
-3.40603 2218.61
-3.40193 2302.44
-3.39793 2295.48
-3.39383 2338.83
-3.38973 2633.6
-3.38563 3200.41
-3.38163 3775.41
-3.37753 3969.18
-3.37343 3586.11
-3.36943 2814.56
-3.36533 2071.32
-3.36123 1625.92
-3.35723 1391.74
-3.35313 1172.6
-3.34903 896.579
-3.34503 664.369
-3.34093 562.638
-3.33683 610.263
-3.33273 723.794
-3.32873 788.597
-3.32463 776.097
-3.32053 770.675
-3.31653 839.808
-3.31243 904.291
-3.30833 914.744
-3.30433 961.127
-3.30023 1117.99
-3.29613 1248.5
-3.29213 1225.41
-3.28803 1185.74
-3.28393 1288.56
-3.27983 1468.93
-3.27583 1485.13
-3.27173 1253.39
-3.26763 833.363
-3.26363 461.364
-3.25953 265.551
-3.25543 207.962
-3.25143 104.964
-3.24733 -5.26657
-3.24323 -61.9048
-3.23913 -62.6703
-3.23513 -101.251
-3.23103 -116.718
-3.22693 -76.4252
-3.22293 -11.1153
-3.21883 3.44541
-3.21473 -10.6397
-3.21073 16.31
-3.20663 99.7964
-3.20253 175.991
-3.19853 189.604
-3.19443 173.129
-3.19033 178.437
-3.18623 139.406
-3.18223 37.5158
-3.17813 -55.4959
-3.17403 -12.4428
-3.17003 41.4167
-3.16593 -16.6837
-3.16183 -195.483
-3.15783 -296.699
-3.15373 -271.064
-3.14963 -181.332
-3.14563 -171.748
-3.14153 -286.204
-3.13743 -495.094
-3.13333 -621.458
-3.12933 -553.045
-3.12523 -351.422
-3.12113 -255.837
-3.11713 -327.894
-3.11303 -480.733
-3.10893 -532.795
-3.10493 -511.482
-3.10083 -469.068
-3.09673 -478.805
-3.09273 -416.086
-3.08863 -289.806
-3.08453 -200.18
-3.08043 -284.197
-3.07643 -415.467
-3.07233 -450.176
-3.06823 -384.238
-3.06423 -320.776
-3.06013 -319.504
-3.05603 -381.899
-3.05203 -483.737
-3.04793 -531.919
-3.04383 -458.306
-3.03983 -317.713
-3.03573 -262.44
-3.03163 -329.865
-3.02753 -409.545
-3.02353 -427
-3.01943 -412.844
-3.01533 -389.952
-3.01133 -353.806
-3.00723 -353.716
-3.00313 -401.608
-2.99913 -439.434
-2.99503 -406.949
-2.99093 -365.818
-2.98693 -369.348
-2.98283 -427.723
-2.97873 -482.52
-2.97463 -505.382
-2.97063 -465.706
-2.96653 -379.48
-2.96243 -266.807
-2.9584 -179.032
-2.95433 -156.808
-2.95026 -198.89
-2.94619 -192.22
-2.94212 -122.686
-2.93805 -106.119
-2.93398 -195.22
-2.92991 -222.253
-2.92584 -131.726
-2.92177 -81.7402
-2.9177 -169.827
-2.91363 -302.195
-2.90956 -371.034
-2.9055 -395.367
-2.90142 -361.915
-2.89736 -301.477
-2.89329 -286.917
-2.88922 -372.037
-2.88515 -431.224
-2.88108 -401.148
-2.87701 -351.601
-2.87294 -324.77
-2.86887 -275.899
-2.8648 -229.489
-2.86073 -251.984
-2.85666 -274.257
-2.85259 -258.417
-2.84852 -255.224
-2.84446 -313.376
-2.84039 -339.608
-2.83632 -284.119
-2.83225 -203.464
-2.82818 -187.822
-2.82411 -222.257
-2.82004 -208.835
-2.81597 -147.507
-2.8119 -95.3804
-2.80783 -116.334
-2.80376 -160.623
-2.79969 -196.039
-2.79562 -167.02
-2.79155 -137.787
-2.78748 -172.78
-2.78341 -251.559
-2.77935 -239.188
-2.77528 -152.21
-2.77121 -94.3092
-2.76714 -113.066
-2.76307 -148.374
-2.759 -195.29
-2.75493 -233.579
-2.75086 -267.458
-2.74679 -270.637
-2.74272 -232.849
-2.73865 -165.651
-2.73458 -199.572
-2.73051 -343.835
-2.72644 -471.883
-2.72238 -458.385
-2.71831 -403.896
-2.71424 -360.546
-2.71017 -348.166
-2.7061 -322.949
-2.70203 -329.96
-2.69796 -345.638
-2.69389 -342.377
-2.68982 -266.334
-2.68575 -136.377
-2.68168 -85.5688
-2.67761 -158.266
-2.67354 -266.184
-2.66947 -217.482
-2.6654 -70.6093
-2.66134 51.5848
-2.65727 -0.279189
-2.6532 -102.181
-2.64913 -150
-2.64506 -78.8994
-2.64099 -30.8454
-2.63692 -17.3669
-2.63285 -47.2247
-2.62878 -86.1418
-2.62471 -137.834
-2.62064 -103.62
-2.61657 23.6211
-2.6125 162.708
-2.60843 226.464
-2.60436 243.496
-2.6003 252.763
-2.59623 244.124
-2.59216 211.691
-2.58809 165.285
-2.58402 107.748
-2.57995 -2.68848
-2.57588 -126.181
-2.57181 -186.962
-2.56774 -139.93
-2.56367 -43.7889
-2.5596 16.7307
-2.55553 17.8245
-2.55146 -47.729
-2.54739 -123.243
-2.54332 -173.042
-2.53925 -138.628
-2.53519 -104.895
-2.53112 -157.74
-2.52705 -282.686
-2.52298 -325.001
-2.51891 -273.778
-2.51484 -268.761
-2.51077 -331.888
-2.5067 -310.433
-2.50263 -163.443
-2.49856 -49.4689
-2.49449 -105.459
-2.49042 -270.832
-2.48635 -411.56
-2.48229 -422.632
-2.47821 -370.459
-2.47415 -335.697
-2.47008 -352.714
-2.46601 -327.987
-2.46194 -269.833
-2.45787 -241.044
-2.4538 -293.985
-2.44973 -359.703
-2.44566 -361.5
-2.44159 -303.158
-2.43752 -265.416
-2.43345 -283.876
-2.42938 -347.244
-2.42531 -432.256
-2.42124 -512.992
-2.41717 -482.881
-2.41311 -343.616
-2.40904 -238.042
-2.40497 -248.495
-2.4009 -278.271
-2.39683 -236.915
-2.39276 -209.182
-2.38869 -257.826
-2.38462 -300.768
-2.38055 -205.504
-2.37648 -23.6303
-2.37241 63.3847
-2.36834 18.588
-2.36427 -81.5743
-2.3602 -166.901
-2.35614 -254.679
-2.35207 -289.981
-2.348 -288.466
-2.34393 -281.721
-2.33986 -318.149
-2.33579 -320.754
-2.33172 -264.086
-2.32765 -190.515
-2.32358 -240.765
-2.31951 -383.36
-2.31544 -450.478
-2.31137 -334.761
-2.3073 -235.674
-2.30323 -288.254
-2.29917 -403.145
-2.2951 -378.135
-2.29103 -265.481
-2.28696 -168.187
-2.28289 -139.368
-2.27882 -134.599
-2.27475 -163.831
-2.27068 -241.702
-2.26661 -312.75
-2.26254 -302.833
-2.25847 -210.685
-2.2544 -169.044
-2.25033 -218.947
-2.24626 -295.411
-2.24219 -290.53
-2.23813 -239.753
-2.23406 -254.539
-2.22999 -355.394
-2.22592 -443.141
-2.22185 -425.221
-2.21778 -362.793
-2.21371 -312.545
-2.20964 -300.32
-2.20557 -300.427
-2.2015 -304.072
-2.19743 -308.767
-2.19336 -314.362
-2.18929 -340.016
-2.18522 -363.809
-2.18115 -390.372
-2.17709 -367.486
-2.17302 -318.18
-2.16895 -276.425
-2.16488 -318.985
-2.16081 -431.236
-2.15674 -569.584
-2.15267 -634.481
-2.1486 -564.744
-2.14453 -427.592
-2.14046 -370.143
-2.13639 -429.46
-2.13232 -484.633
-2.12825 -448.79
-2.12418 -420.878
-2.12011 -457.694
-2.11604 -455.549
-2.11198 -263.662
-2.10791 -18.2135
-2.10384 91.9724
-2.09977 29.7172
-2.0957 -79.0688
-2.09163 -168.356
-2.08756 -187.958
-2.08349 -104.709
-2.07942 15.5329
-2.07535 40.1691
-2.07128 -45.0123
-2.06721 -165.432
-2.06314 -218.809
-2.05907 -187.818
-2.055 -60.0691
-2.05094 84.3239
-2.04687 194.41
-2.0428 226.887
-2.03873 192.059
-2.03466 111.366
-2.03059 60.1981
-2.02652 81.3056
-2.02245 157.217
-2.01838 207.662
-2.01431 217.557
-2.01024 162.998
-2.00617 121.855
-2.0021 122.336
-1.99803 258.778
-1.99397 264.435
-1.9899 184.129
-1.98583 930.84
-1.98176 3540.44
-1.97769 6525.93
-1.97362 6963.04
-1.96955 4365.61
-1.96548 1433.95
-1.96141 162.292
-1.95734 71.0437
-1.95327 119.257
-1.9492 91.0796
-1.94513 61.2245
-1.94106 -1.68191
-1.93699 -95.4015
-1.93293 -141.046
-1.92886 -124.109
-1.92479 -55.2018
-1.92072 35.0676
-1.91665 117.289
-1.91258 162.921
-1.90851 145.275
-1.90444 85.9693
-1.90037 34.3566
-1.8963 59.8236
-1.89223 107.891
-1.88816 111.713
-1.88409 55.0052
-1.88002 15.9758
-1.87595 -24.4657
-1.87189 -37.5768
-1.86782 33.4214
-1.86375 194.795
-1.85968 264.193
-1.85561 143.999
-1.85154 -32.9642
-1.84747 -102.93
-1.8434 -45.7846
-1.83933 -1.58286
-1.83526 -2.95256
-1.83119 -71.4655
-1.82712 -123.643
-1.82305 -160.602
-1.81898 -100.214
-1.81491 32.8206
-1.81085 125.765
-1.80678 38.7881
-1.80271 -139.31
-1.79864 -197.493
-1.79457 -152.716
-1.7905 -99.1924
-1.78643 -48.0607
-1.78236 115.846
-1.77829 309.46
-1.77422 433.508
-1.77015 472.362
-1.76608 532.325
-1.76201 607.988
-1.75794 657.867
-1.75387 665.593
-1.74981 689.858
-1.74574 727.765
-1.74167 778.993
-1.7376 841.915
-1.73353 948.809
-1.72946 1080.02
-1.72539 1216.02
-1.72132 1297.96
-1.71725 1310.06
-1.71318 1359.97
-1.70911 1590.59
-1.70504 1958.16
-1.70097 2266.33
-1.6969 2470.98
-1.69283 2686.76
-1.68877 3031.38
-1.6847 3500.46
-1.68063 4022.45
-1.67656 4507.45
-1.67249 5027.92
-1.66842 5730.85
-1.66435 6657.13
-1.66028 7723.11
-1.65621 9009.42
-1.65214 10707.1
-1.64807 13018.4
-1.644 16118.2
-1.63993 20389.2
-1.63587 26272.1
-1.63179 33735
-1.62773 41243.7
-1.62366 45962.5
-1.61959 45498
-1.61552 40031.2
-1.61145 32021.3
-1.60738 24253.7
-1.60331 18154.9
-1.59924 13865.8
-1.59517 10889.5
-1.5911 8647.43
-1.58703 6831.7
-1.58296 5442.59
-1.57889 4525.63
-1.57483 3884.92
-1.57076 3345.9
-1.56669 2873.94
-1.56262 2509.77
-1.55855 2177.5
-1.55448 1829.51
-1.55041 1490.09
-1.54634 1246.25
-1.54227 1146.36
-1.5382 1149.45
-1.53413 1123.12
-1.53006 1000.44
-1.52599 821.552
-1.52192 649.081
-1.51785 490.188
-1.51379 399.28
-1.50972 379.461
-1.50565 351.946
-1.50158 246.687
-1.49751 163.521
-1.49344 169.66
-1.48937 236.042
-1.4853 277.179
-1.48123 292.326
-1.47716 253.559
-1.47309 236.853
-1.46902 273.052
-1.46495 317.908
-1.46088 260.507
-1.45682 206.133
-1.45275 256.918
-1.44868 352.227
-1.44461 357.632
-1.44054 267.549
-1.43647 153.535
-1.4324 52.9853
-1.42833 -12.9257
-1.42426 -49.9059
-1.42019 -34.6869
-1.41612 26.1101
-1.41205 96.4506
-1.40798 114.617
-1.40391 89.1487
-1.39984 24.7854
-1.39578 -84.7857
-1.39171 -199.945
-1.38764 -239.79
-1.38357 -187.38
-1.3795 -107.924
-1.37543 -37.422
-1.37136 -19.2198
-1.36729 -86.0096
-1.36322 -213.741
-1.35915 -275.756
-1.35508 -220.039
-1.35101 -123.029
-1.34694 -104.841
-1.34287 -164.074
-1.3388 -191.945
-1.33474 -125.772
-1.33067 -58.2566
-1.3266 -88.2377
-1.32253 -188.025
-1.31846 -247.094
-1.31439 -249.239
-1.31032 -236.008
-1.30625 -260.93
-1.30218 -319.688
-1.29811 -360.031
-1.29404 -337.535
-1.28997 -263.2
-1.2859 -217.87
-1.28183 -214.271
-1.27776 -249.696
-1.27369 -267.317
-1.26963 -248.313
-1.26556 -180.916
-1.26149 -129.32
-1.25742 -131.081
-1.25335 -182.159
-1.24928 -257.334
-1.24521 -327.255
-1.24114 -364.443
-1.23707 -356.692
-1.233 -294.297
-1.22893 -206.509
-1.22486 -147.735
-1.22079 -165.9
-1.21672 -180.966
-1.21265 -219.135
-1.20859 -304.145
-1.20452 -430.136
-1.20045 -450.197
-1.19638 -396.842
-1.19231 -320.043
-1.18824 -311.875
-1.18417 -339.798
-1.1801 -413.991
-1.17603 -446.982
-1.17196 -426.784
-1.16789 -339.944
-1.16382 -300.729
-1.15975 -313.819
-1.15568 -395.852
-1.15161 -466.246
-1.14755 -482.12
-1.14348 -387.003
-1.13941 -273.763
-1.13534 -210.08
-1.13127 -159.985
-1.1272 -94.6656
-1.12313 -52.9742
-1.11906 -61.5634
-1.11499 -56.1209
-1.11092 -27.1432
-1.10685 5.29
-1.10278 2.99187
-1.09871 -55.9153
-1.09464 -153.223
-1.09057 -217.386
-1.08651 -216.642
-1.08244 -161.824
-1.07837 -72.7287
-1.0743 6.37323
-1.07023 -11.5005
-1.06616 -85.6617
-1.06209 -88.8187
-1.05802 -28.2195
-1.05395 -65.2908
-1.04988 -206.882
-1.04581 -288.771
-1.04174 -230.311
-1.03767 -129.32
-1.0336 -49.181
-1.02953 4.655
-1.02547 0.415
-1.0214 -98.2398
-1.01733 -225.786
-1.01326 -254.086
-1.00919 -176.265
-1.00512 -83.8331
-1.00105 -69.7656
-0.99698 -102.956
-0.99291 -143.672
-0.98884 -162.821
-0.98477 -180.697
-0.9807 -201.494
-0.97663 -239.155
-0.97257 -288.24
-0.96849 -321.552
-0.96443 -296.113
-0.96036 -209.942
-0.95629 -119.141
-0.95222 -54.2097
-0.94815 -44.5484
-0.94408 -85.233
-0.94001 -143.897
-0.93594 -154.512
-0.93187 -164.166
-0.9278 -211.896
-0.92373 -272.993
-0.91966 -299.361
-0.91559 -338.446
-0.91153 -375.959
-0.90746 -339.645
-0.90339 -222.705
-0.89932 -120.921
-0.89525 -74.4601
-0.89118 -73.084
-0.88711 -122.615
-0.88304 -218.359
-0.87897 -302.496
-0.8749 -337.426
-0.87083 -335.986
-0.86676 -344.314
-0.86269 -370.026
-0.85862 -409.013
-0.85455 -403.449
-0.85048 -359.414
-0.84642 -291.547
-0.84235 -267.952
-0.83828 -240.388
-0.83421 -196.849
-0.83014 -150.846
-0.82607 -172.104
-0.822 -210.231
-0.81793 -208.192
-0.81386 -179.271
-0.80979 -175.19
-0.80572 -184.443
-0.80165 -175.525
-0.79758 -126.358
-0.79351 -100.249
-0.78945 -166.054
-0.78538 -327.442
-0.78131 -410.239
-0.77724 -357.381
-0.77317 -296.897
-0.7691 -329.868
-0.76503 -383.68
-0.76096 -348.295
-0.75689 -286.377
-0.75282 -244.574
-0.74875 -265.538
-0.74468 -296.313
-0.74061 -336.471
-0.73654 -341.917
-0.73247 -289.729
-0.7284 -170.273
-0.72434 -86.5124
-0.72027 -105.211
-0.7162 -161.147
-0.71213 -148.272
-0.70806 -81.0791
-0.70399 -21.3596
-0.69992 12.4674
-0.69585 14.9011
-0.69178 8.5262
-0.68771 25.135
-0.68364 72.7941
-0.67957 79.7707
-0.6755 27.7397
-0.67143 -49.5954
-0.66737 -85.8382
-0.6633 -67.3205
-0.65923 -51.5107
-0.65516 -91.8979
-0.65109 -160.507
-0.64702 -152.724
-0.64295 -65.0007
-0.63888 47.9587
-0.63481 130.987
-0.63074 128.233
-0.62667 -26.4889
-0.6226 -273.253
-0.61853 -417.202
-0.61446 -378.38
-0.61039 -267.841
-0.60632 -195.662
-0.60226 -174.495
-0.59819 -193.701
-0.59412 -273.035
-0.59005 -336.244
-0.58598 -294.721
-0.58191 -164.167
-0.57784 -105.147
-0.57377 -192.45
-0.5697 -339.096
-0.56563 -372.519
-0.56156 -300.474
-0.55749 -247.05
-0.55342 -313.454
-0.54936 -384.546
-0.54529 -393.457
-0.54122 -344.909
-0.53715 -311.16
-0.53308 -280.578
-0.52901 -280.105
-0.52494 -311.31
-0.52087 -325.534
-0.5168 -279.628
-0.51273 -203.687
-0.50866 -165.541
-0.50459 -169.284
-0.50052 -206.225
-0.49645 -262.371
-0.49238 -314.659
-0.48831 -317.21
-0.48425 -289.532
-0.48018 -303.524
-0.47611 -344.611
-0.47204 -341.93
-0.46797 -303.691
-0.4639 -327.172
-0.45983 -395.296
-0.45576 -445.844
-0.45169 -420.358
-0.44762 -330.269
-0.44355 -178.676
-0.43948 -107.86
-0.43541 -148.86
-0.43134 -243.619
-0.42728 -230.087
-0.42321 -188.074
-0.41914 -149.658
-0.41507 -185.158
-0.411 -229.248
-0.40693 -326.547
-0.40286 -395.978
-0.39879 -409.613
-0.39472 -346.041
-0.39065 -298.038
-0.38658 -301.945
-0.38251 -336.378
-0.37844 -393.972
-0.37437 -418.561
-0.3703 -352.294
-0.36623 -179.959
-0.36217 -97.343
-0.3581 -174.665
-0.35403 -318.77
-0.34996 -341.212
-0.34589 -317.16
-0.34182 -362.311
-0.33775 -491.438
-0.33368 -548.169
-0.32961 -472.185
-0.32554 -334.071
-0.32147 -229.712
-0.3174 -192.697
-0.31333 -207.133
-0.30926 -301.133
-0.3052 -436.245
-0.30113 -549.113
-0.29706 -586.213
-0.29299 -555.507
-0.28892 -459.638
-0.28485 -310.912
-0.28078 -171.445
-0.27671 -107.317
-0.27264 -209.169
-0.26857 -417.284
-0.2645 -533.405
-0.26043 -450.497
-0.25636 -367.524
-0.25229 -426.661
-0.24823 -480.165
-0.24416 -392.403
-0.24009 -286.093
-0.23602 -280.286
-0.23195 -306.438
-0.22788 -287.192
-0.22381 -251.811
-0.21974 -242.371
-0.21567 -268.346
-0.2116 -283.762
-0.20753 -256.659
-0.20346 -224.814
-0.19939 -286.674
-0.19532 -405.497
-0.19125 -475.157
-0.18718 -424.528
-0.18312 -334.494
-0.17905 -288.587
-0.17498 -320.163
-0.17091 -358.285
-0.16684 -374.911
-0.16277 -376.767
-0.1587 -401.868
-0.15463 -418.223
-0.15056 -407.018
-0.14649 -331.755
-0.14242 -266.193
-0.13835 -269.157
-0.13428 -366.536
-0.13021 -405.504
-0.12615 -316.725
-0.12208 -130.823
-0.11801 -9.93222
-0.11394 -24.3288
-0.10987 -161.238
-0.1058 -283.518
-0.10173 -321.383
-0.09766 -310.466
-0.09359 -331.297
-0.08952 -336.601
-0.08545 -318.392
-0.08138 -302.777
-0.07731 -332.1
-0.07324 -313.612
-0.06917 -278.533
-0.0651 -246.24
-0.06104 -268.164
-0.05697 -295.826
-0.0529 -349.096
-0.04883 -334.39
-0.04476 -239.955
-0.04069 -148.037
-0.03662 -132.455
-0.03255 -122.979
-0.02848 -99.0326
-0.02441 -115.719
-0.02034 -92.6187
-0.01627 -201.23
-0.0122 -157.062
-0.00813 830.877
-0.00407 3136.35
0 4695.68
0.00407 3905.67
0.00814 1593.03
0.01221 121.347
0.01628 -198.211
0.02035 -136.801
0.02442 -229.728
0.02849 -285.579
0.03256 -278.43
0.03663 -231.448
0.0407 -191.469
0.04477 -181.746
0.04884 -239.844
0.05291 -341.272
0.05698 -387.934
0.06104 -309.348
0.06511 -161.375
0.06918 -81.7449
0.07325 -105.266
0.07732 -202.69
0.08139 -299.56
0.08546 -407.285
0.08953 -486.789
0.0936 -499.236
0.09767 -378.569
0.10174 -220.824
0.10581 -172.409
0.10988 -258.15
0.11394 -333.559
0.11801 -313.345
0.12208 -287.769
0.12615 -296.15
0.13022 -311.395
0.13429 -280.996
0.13836 -236.67
0.14243 -148.794
