-20 5.67247
-19.99 5.70541
-19.98 5.7381
-19.97 5.77054
-19.96 5.80271
-19.95 5.83463
-19.94 5.86628
-19.93 5.89766
-19.92 5.92877
-19.91 5.9596
-19.9 5.99014
-19.89 6.0204
-19.88 6.05037
-19.87 6.08005
-19.86 6.10943
-19.85 6.1385
-19.84 6.16727
-19.83 6.19573
-19.82 6.22388
-19.81 6.25171
-19.8 6.27922
-19.79 6.3064
-19.78 6.33325
-19.77 6.35978
-19.76 6.38596
-19.75 6.41181
-19.74 6.43731
-19.73 6.46247
-19.72 6.48727
-19.71 6.51172
-19.7 6.53582
-19.69 6.55955
-19.68 6.58292
-19.67 6.60592
-19.66 6.62855
-19.65 6.65081
-19.64 6.67269
-19.63 6.69419
-19.62 6.7153
-19.61 6.73603
-19.6 6.75637
-19.59 6.77631
-19.58 6.79586
-19.57 6.81501
-19.56 6.83376
-19.55 6.8521
-19.54 6.87003
-19.53 6.88756
-19.52 6.90467
-19.51 6.92136
-19.5 6.93763
-19.49 6.95348
-19.48 6.96891
-19.47 6.98391
-19.46 6.99848
-19.45 7.01262
-19.44 7.02632
-19.43 7.03959
-19.42 7.05242
-19.41 7.0648
-19.4 7.07674
-19.39 7.08824
-19.38 7.09928
-19.37 7.10988
-19.36 7.12002
-19.35 7.12971
-19.34 7.13893
-19.33 7.1477
-19.32 7.15601
-19.31 7.16386
-19.3 7.17124
-19.29 7.17815
-19.28 7.1846
-19.27 7.19057
-19.26 7.19607
-19.25 7.2011
-19.24 7.20565
-19.23 7.20973
-19.22 7.21333
-19.21 7.21645
-19.2 7.21908
-19.19 7.22124
-19.18 7.22291
-19.17 7.22409
-19.16 7.22479
-19.15 7.225
-19.14 7.22472
-19.13 7.22395
-19.12 7.22269
-19.11 7.22094
-19.1 7.2187
-19.09 7.21596
-19.08 7.21273
-19.07 7.209
-19.06 7.20478
-19.05 7.20005
-19.04 7.19484
-19.03 7.18912
-19.02 7.1829
-19.01 7.17619
-19 7.16898
-18.99 7.16126
-18.98 7.15305
-18.97 7.14433
-18.96 7.13512
-18.95 7.1254
-18.94 7.11518
-18.93 7.10446
-18.92 7.09324
-18.91 7.08152
-18.9 7.0693
-18.89 7.05657
-18.88 7.04335
-18.87 7.02962
-18.86 7.01539
-18.85 7.00067
-18.84 6.98544
-18.83 6.96971
-18.82 6.95348
-18.81 6.93676
-18.8 6.91954
-18.79 6.90181
-18.78 6.8836
-18.77 6.86488
-18.76 6.84567
-18.75 6.82597
-18.74 6.80577
-18.73 6.78508
-18.72 6.7639
-18.71 6.74223
-18.7 6.72006
-18.69 6.69741
-18.68 6.67427
-18.67 6.65064
-18.66 6.62653
-18.65 6.60194
-18.64 6.57686
-18.63 6.5513
-18.62 6.52526
-18.61 6.49874
-18.6 6.47175
-18.59 6.44428
-18.58 6.41634
-18.57 6.38792
-18.56 6.35904
-18.55 6.32968
-18.54 6.29986
-18.53 6.26958
-18.52 6.23883
-18.51 6.20762
-18.5 6.17596
-18.49 6.14383
-18.48 6.11125
-18.47 6.07822
-18.46 6.04474
-18.45 6.01081
-18.44 5.97644
-18.43 5.94162
-18.42 5.90636
-18.41 5.87066
-18.4 5.83453
-18.39 5.79796
-18.38 5.76097
-18.37 5.72354
-18.36 5.68569
-18.35 5.64741
-18.34 5.60871
-18.33 5.5696
-18.32 5.53007
-18.31 5.49013
-18.3 5.44978
-18.29 5.40903
-18.28 5.36787
-18.27 5.32631
-18.26 5.28436
-18.25 5.24201
-18.24 5.19927
-18.23 5.15614
-18.22 5.11263
-18.21 5.06874
-18.2 5.02447
-18.19 4.97982
-18.18 4.93481
-18.17 4.88943
-18.16 4.84368
-18.15 4.79757
-18.14 4.75111
-18.13 4.70429
-18.12 4.65713
-18.11 4.60961
-18.1 4.56176
-18.09 4.51357
-18.08 4.46504
-18.07 4.41618
-18.06 4.36699
-18.05 4.31748
-18.04 4.26766
-18.03 4.21751
-18.02 4.16706
-18.01 4.11629
-18 4.06523
-17.99 4.01386
-17.98 3.9622
-17.97 3.91025
-17.96 3.85801
-17.95 3.80549
-17.94 3.75269
-17.93 3.69962
-17.92 3.64628
-17.91 3.59267
-17.9 3.5388
-17.89 3.48467
-17.88 3.43029
-17.87 3.37567
-17.86 3.3208
-17.85 3.26569
-17.84 3.21034
-17.83 3.15477
-17.82 3.09897
-17.81 3.04295
-17.8 2.98672
-17.79 2.93027
-17.78 2.87362
-17.77 2.81676
-17.76 2.75971
-17.75 2.70247
-17.74 2.64503
-17.73 2.58742
-17.72 2.52962
-17.71 2.47165
-17.7 2.41352
-17.69 2.35522
-17.68 2.29676
-17.67 2.23815
-17.66 2.17939
-17.65 2.12048
-17.64 2.06144
-17.63 2.00226
-17.62 1.94295
-17.61 1.88352
-17.6 1.82397
-17.59 1.7643
-17.58 1.70453
-17.57 1.64465
-17.56 1.58467
-17.55 1.5246
-17.54 1.46445
-17.53 1.4042
-17.52 1.34388
-17.51 1.28349
-17.5 1.22303
-17.49 1.1625
-17.48 1.10192
-17.47 1.04129
-17.46 0.980604
-17.45 0.91988
-17.44 0.859119
-17.43 0.798326
-17.42 0.737507
-17.41 0.676667
-17.4 0.61581
-17.39 0.554943
-17.38 0.49407
-17.37 0.433198
-17.36 0.37233
-17.35 0.311472
-17.34 0.25063
-17.33 0.189808
-17.32 0.129013
-17.31 0.0682492
-17.3 0.00752176
-17.29 -0.0531638
-17.28 -0.113802
-17.27 -0.174388
-17.26 -0.234917
-17.25 -0.295382
-17.24 -0.35578
-17.23 -0.416104
-17.22 -0.476349
-17.21 -0.53651
-17.2 -0.596582
-17.19 -0.65656
-17.18 -0.716438
-17.17 -0.776211
-17.16 -0.835874
-17.15 -0.895422
-17.14 -0.954849
-17.13 -1.01415
-17.12 -1.07332
-17.11 -1.13236
-17.1 -1.19125
-17.09 -1.25
-17.08 -1.30859
-17.07 -1.36703
-17.06 -1.42531
-17.05 -1.48341
-17.04 -1.54135
-17.03 -1.59911
-17.02 -1.65669
-17.01 -1.71408
-17 -1.77128
-16.99 -1.82828
-16.98 -1.88508
-16.97 -1.94167
-16.96 -1.99804
-16.95 -2.05421
-16.94 -2.11014
-16.93 -2.16585
-16.92 -2.22133
-16.91 -2.27657
-16.9 -2.33157
-16.89 -2.38633
-16.88 -2.44083
-16.87 -2.49507
-16.86 -2.54905
-16.85 -2.60277
-16.84 -2.65621
-16.83 -2.70938
-16.82 -2.76227
-16.81 -2.81488
-16.8 -2.86719
-16.79 -2.91921
-16.78 -2.97093
-16.77 -3.02235
-16.76 -3.07346
-16.75 -3.12425
-16.74 -3.17473
-16.73 -3.22489
-16.72 -3.27472
-16.71 -3.32422
-16.7 -3.37338
-16.69 -3.42221
-16.68 -3.47069
-16.67 -3.51882
-16.66 -3.56661
-16.65 -3.61403
-16.64 -3.66109
-16.63 -3.70779
-16.62 -3.75412
-16.61 -3.80008
-16.6 -3.84566
-16.59 -3.89085
-16.58 -3.93566
-16.57 -3.98009
-16.56 -4.02411
-16.55 -4.06774
-16.54 -4.11097
-16.53 -4.1538
-16.52 -4.19621
-16.51 -4.23821
-16.5 -4.2798
-16.49 -4.32096
-16.48 -4.3617
-16.47 -4.40202
-16.46 -4.4419
-16.45 -4.48134
-16.44 -4.52035
-16.43 -4.55892
-16.42 -4.59704
-16.41 -4.63471
-16.4 -4.67193
-16.39 -4.7087
-16.38 -4.745
-16.37 -4.78084
-16.36 -4.81622
-16.35 -4.85113
-16.34 -4.88557
-16.33 -4.91953
-16.32 -4.95302
-16.31 -4.98602
-16.3 -5.01855
-16.29 -5.05058
-16.28 -5.08213
-16.27 -5.11318
-16.26 -5.14374
-16.25 -5.1738
-16.24 -5.20335
-16.23 -5.23241
-16.22 -5.26096
-16.21 -5.289
-16.2 -5.31653
-16.19 -5.34355
-16.18 -5.37005
-16.17 -5.39603
-16.16 -5.4215
-16.15 -5.44644
-16.14 -5.47085
-16.13 -5.49474
-16.12 -5.51809
-16.11 -5.54092
-16.1 -5.56321
-16.09 -5.58497
-16.08 -5.60619
-16.07 -5.62687
-16.06 -5.64701
-16.05 -5.6666
-16.04 -5.68565
-16.03 -5.70416
-16.02 -5.72211
-16.01 -5.73952
-16 -5.75637
-15.99 -5.77267
-15.98 -5.78842
-15.97 -5.80361
-15.96 -5.81824
-15.95 -5.83232
-15.94 -5.84583
-15.93 -5.85879
-15.92 -5.87118
-15.91 -5.88301
-15.9 -5.89427
-15.89 -5.90497
-15.88 -5.9151
-15.87 -5.92466
-15.86 -5.93366
-15.85 -5.94209
-15.84 -5.94994
-15.83 -5.95723
-15.82 -5.96395
-15.81 -5.97009
-15.8 -5.97566
-15.79 -5.98066
-15.78 -5.98509
-15.77 -5.98894
-15.76 -5.99222
-15.75 -5.99492
-15.74 -5.99705
-15.73 -5.9986
-15.72 -5.99958
-15.71 -5.99999
-15.7 -5.99982
-15.69 -5.99907
-15.68 -5.99775
-15.67 -5.99586
-15.66 -5.99339
-15.65 -5.99034
-15.64 -5.98672
-15.63 -5.98253
-15.62 -5.97777
-15.61 -5.97243
-15.6 -5.96652
-15.59 -5.96004
-15.58 -5.95298
-15.57 -5.94536
-15.56 -5.93716
-15.55 -5.9284
-15.54 -5.91906
-15.53 -5.90916
-15.52 -5.8987
-15.51 -5.88766
-15.5 -5.87606
-15.49 -5.8639
-15.48 -5.85118
-15.47 -5.83789
-15.46 -5.82404
-15.45 -5.80964
-15.44 -5.79467
-15.43 -5.77915
-15.42 -5.76308
-15.41 -5.74645
-15.4 -5.72927
-15.39 -5.71154
-15.38 -5.69326
-15.37 -5.67443
-15.36 -5.65506
-15.35 -5.63514
-15.34 -5.61468
-15.33 -5.59368
-15.32 -5.57214
-15.31 -5.55007
-15.3 -5.52746
-15.29 -5.50432
-15.28 -5.48064
-15.27 -5.45644
-15.26 -5.43172
-15.25 -5.40647
-15.24 -5.3807
-15.23 -5.35441
-15.22 -5.3276
-15.21 -5.30028
-15.2 -5.27244
-15.19 -5.2441
-15.18 -5.21525
-15.17 -5.1859
-15.16 -5.15604
-15.15 -5.12569
-15.14 -5.09483
-15.13 -5.06349
-15.12 -5.03165
-15.11 -4.99933
-15.1 -4.96652
-15.09 -4.93323
-15.08 -4.89946
-15.07 -4.86522
-15.06 -4.8305
-15.05 -4.79531
-15.04 -4.75966
-15.03 -4.72354
-15.02 -4.68696
-15.01 -4.64993
-15 -4.61244
-14.99 -4.5745
-14.98 -4.53612
-14.97 -4.49729
-14.96 -4.45802
-14.95 -4.41831
-14.94 -4.37818
-14.93 -4.33761
-14.92 -4.29662
-14.91 -4.2552
-14.9 -4.21337
-14.89 -4.17112
-14.88 -4.12847
-14.87 -4.0854
-14.86 -4.04193
-14.85 -3.99807
-14.84 -3.95381
-14.83 -3.90915
-14.82 -3.86411
-14.81 -3.81869
-14.8 -3.77289
-14.79 -3.72671
-14.78 -3.68016
-14.77 -3.63324
-14.76 -3.58597
-14.75 -3.53833
-14.74 -3.49034
-14.73 -3.442
-14.72 -3.39331
-14.71 -3.34429
-14.7 -3.29492
-14.69 -3.24523
-14.68 -3.1952
-14.67 -3.14485
-14.66 -3.09419
-14.65 -3.0432
-14.64 -2.99191
-14.63 -2.94031
-14.62 -2.88842
-14.61 -2.83622
-14.6 -2.78373
-14.59 -2.73096
-14.58 -2.67791
-14.57 -2.62457
-14.56 -2.57097
-14.55 -2.51709
-14.54 -2.46295
-14.53 -2.40856
-14.52 -2.35391
-14.51 -2.29901
-14.5 -2.24386
-14.49 -2.18848
-14.48 -2.13286
-14.47 -2.07702
-14.46 -2.02095
-14.45 -1.96466
-14.44 -1.90815
-14.43 -1.85144
-14.42 -1.79452
-14.41 -1.7374
-14.4 -1.68009
-14.39 -1.62259
-14.38 -1.5649
-14.37 -1.50704
-14.36 -1.449
-14.35 -1.39079
-14.34 -1.33241
-14.33 -1.27388
-14.32 -1.2152
-14.31 -1.15636
-14.3 -1.09739
-14.29 -1.03827
-14.28 -0.979021
-14.27 -0.919644
-14.26 -0.860145
-14.25 -0.800528
-14.24 -0.740799
-14.23 -0.680963
-14.22 -0.621026
-14.21 -0.560991
-14.2 -0.500866
-14.19 -0.440654
-14.18 -0.380362
-14.17 -0.319993
-14.16 -0.259555
-14.15 -0.199052
-14.14 -0.138488
-14.13 -0.0778707
-14.12 -0.0172036
-14.11 0.0435074
-14.1 0.104257
-14.09 0.16504
-14.08 0.225852
-14.07 0.286686
-14.06 0.347538
-14.05 0.408402
-14.04 0.469274
-14.03 0.530147
-14.02 0.591017
-14.01 0.651879
-14 0.712726
-13.99 0.773555
-13.98 0.834359
-13.97 0.895134
-13.96 0.955873
-13.95 1.01657
-13.94 1.07723
-13.93 1.13783
-13.92 1.19838
-13.91 1.25887
-13.9 1.31929
-13.89 1.37964
-13.88 1.43992
-13.87 1.50011
-13.86 1.56022
-13.85 1.62023
-13.84 1.68015
-13.83 1.73997
-13.82 1.79968
-13.81 1.85927
-13.8 1.91876
-13.79 1.97811
-13.78 2.03735
-13.77 2.09645
-13.76 2.15541
-13.75 2.21423
-13.74 2.2729
-13.73 2.33142
-13.72 2.38979
-13.71 2.44799
-13.7 2.50603
-13.69 2.5639
-13.68 2.62158
-13.67 2.67909
-13.66 2.73641
-13.65 2.79355
-13.64 2.85048
-13.63 2.90722
-13.62 2.96375
-13.61 3.02007
-13.6 3.07618
-13.59 3.13207
-13.58 3.18773
-13.57 3.24317
-13.56 3.29838
-13.55 3.35334
-13.54 3.40807
-13.53 3.46255
-13.52 3.51678
-13.51 3.57076
-13.5 3.62447
-13.49 3.67792
-13.48 3.73111
-13.47 3.78402
-13.46 3.83665
-13.45 3.88901
-13.44 3.94108
-13.43 3.99285
-13.42 4.04434
-13.41 4.09553
-13.4 4.14642
-13.39 4.197
-13.38 4.24727
-13.37 4.29723
-13.36 4.34687
-13.35 4.39618
-13.34 4.44518
-13.33 4.49384
-13.32 4.54217
-13.31 4.59016
-13.3 4.63781
-13.29 4.68512
-13.28 4.73208
-13.27 4.77869
-13.26 4.82494
-13.25 4.87084
-13.24 4.91637
-13.23 4.96153
-13.22 5.00633
-13.21 5.05075
-13.2 5.0948
-13.19 5.13846
-13.18 5.18175
-13.17 5.22464
-13.16 5.26715
-13.15 5.30927
-13.14 5.35099
-13.13 5.39231
-13.12 5.43323
-13.11 5.47375
-13.1 5.51385
-13.09 5.55355
-13.08 5.59283
-13.07 5.6317
-13.06 5.67015
-13.05 5.70817
-13.04 5.74577
-13.03 5.78294
-13.02 5.81969
-13.01 5.856
-13 5.89187
-12.99 5.92731
-12.98 5.96231
-12.97 5.99687
-12.96 6.03098
-12.95 6.06464
-12.94 6.09785
-12.93 6.13062
-12.92 6.16293
-12.91 6.19478
-12.9 6.22617
-12.89 6.25711
-12.88 6.28758
-12.87 6.31759
-12.86 6.34714
-12.85 6.37621
-12.84 6.40482
-12.83 6.43295
-12.82 6.46062
-12.81 6.4878
-12.8 6.51452
-12.79 6.54075
-12.78 6.5665
-12.77 6.59178
-12.76 6.61657
-12.75 6.64088
-12.74 6.6647
-12.73 6.68804
-12.72 6.71089
-12.71 6.73326
-12.7 6.75513
-12.69 6.77651
-12.68 6.7974
-12.67 6.8178
-12.66 6.83771
-12.65 6.85712
-12.64 6.87603
-12.63 6.89445
-12.62 6.91238
-12.61 6.9298
-12.6 6.94673
-12.59 6.96316
-12.58 6.97909
-12.57 6.99452
-12.56 7.00945
-12.55 7.02389
-12.54 7.03782
-12.53 7.05125
-12.52 7.06418
-12.51 7.0766
-12.5 7.08853
-12.49 7.09995
-12.48 7.11088
-12.47 7.1213
-12.46 7.13122
-12.45 7.14064
-12.44 7.14956
-12.43 7.15798
-12.42 7.16589
-12.41 7.17331
-12.4 7.18023
-12.39 7.18665
-12.38 7.19257
-12.37 7.19799
-12.36 7.20291
-12.35 7.20734
-12.34 7.21127
-12.33 7.2147
-12.32 7.21764
-12.31 7.22009
-12.3 7.22204
-12.29 7.2235
-12.28 7.22447
-12.27 7.22494
-12.26 7.22493
-12.25 7.22443
-12.24 7.22345
-12.23 7.22197
-12.22 7.22002
-12.21 7.21758
-12.2 7.21466
-12.19 7.21125
-12.18 7.20737
-12.17 7.20301
-12.16 7.19818
-12.15 7.19287
-12.14 7.18709
-12.13 7.18083
-12.12 7.17411
-12.11 7.16692
-12.1 7.15926
-12.09 7.15114
-12.08 7.14256
-12.07 7.13352
-12.06 7.12402
-12.05 7.11406
-12.04 7.10365
-12.03 7.09279
-12.02 7.08148
-12.01 7.06972
-12 7.05752
-11.99 7.04487
-11.98 7.03178
-11.97 7.01826
-11.96 7.00429
-11.95 6.9899
-11.94 6.97507
-11.93 6.95982
-11.92 6.94414
-11.91 6.92804
-11.9 6.91152
-11.89 6.89458
-11.88 6.87722
-11.87 6.85945
-11.86 6.84128
-11.85 6.8227
-11.84 6.80371
-11.83 6.78432
-11.82 6.76454
-11.81 6.74436
-11.8 6.72379
-11.79 6.70283
-11.78 6.68149
-11.77 6.65977
-11.76 6.63766
-11.75 6.61518
-11.74 6.59233
-11.73 6.56911
-11.72 6.54553
-11.71 6.52158
-11.7 6.49727
-11.69 6.47261
-11.68 6.4476
-11.67 6.42224
-11.66 6.39653
-11.65 6.37048
-11.64 6.3441
-11.63 6.31738
-11.62 6.29033
-11.61 6.26295
-11.6 6.23525
-11.59 6.20724
-11.58 6.1789
-11.57 6.15026
-11.56 6.12131
-11.55 6.09205
-11.54 6.0625
-11.53 6.03265
-11.52 6.00251
-11.51 5.97208
-11.5 5.94136
-11.49 5.91037
-11.48 5.8791
-11.47 5.84756
-11.46 5.81575
-11.45 5.78368
-11.44 5.75134
-11.43 5.71876
-11.42 5.68592
-11.41 5.65284
-11.4 5.61951
-11.39 5.58595
-11.38 5.55215
-11.37 5.51812
-11.36 5.48387
-11.35 5.4494
-11.34 5.41471
-11.33 5.37981
-11.32 5.3447
-11.31 5.30938
-11.3 5.27387
-11.29 5.23817
-11.28 5.20227
-11.27 5.16619
-11.26 5.12993
-11.25 5.0935
-11.24 5.05689
-11.23 5.02011
-11.22 4.98317
-11.21 4.94607
-11.2 4.90882
-11.19 4.87143
-11.18 4.83388
-11.17 4.7962
-11.16 4.75838
-11.15 4.72043
-11.14 4.68236
-11.13 4.64416
-11.12 4.60585
-11.11 4.56743
-11.1 4.5289
-11.09 4.49027
-11.08 4.45154
-11.07 4.41271
-11.06 4.3738
-11.05 4.33481
-11.04 4.29574
-11.03 4.25659
-11.02 4.21737
-11.01 4.17809
-11 4.13875
-10.99 4.09935
-10.98 4.05991
-10.97 4.02041
-10.96 3.98088
-10.95 3.94131
-10.94 3.90171
-10.93 3.86208
-10.92 3.82243
-10.91 3.78277
-10.9 3.74309
-10.89 3.7034
-10.88 3.66371
-10.87 3.62402
-10.86 3.58434
-10.85 3.54467
-10.84 3.50501
-10.83 3.46538
-10.82 3.42577
-10.81 3.38619
-10.8 3.34664
-10.79 3.30714
-10.78 3.26768
-10.77 3.22826
-10.76 3.1889
-10.75 3.1496
-10.74 3.11036
-10.73 3.07119
-10.72 3.03208
-10.71 2.99306
-10.7 2.95411
-10.69 2.91525
-10.68 2.87649
-10.67 2.83781
-10.66 2.79924
-10.65 2.76076
-10.64 2.7224
-10.63 2.68415
-10.62 2.64601
-10.61 2.608
-10.6 2.57011
-10.59 2.53235
-10.58 2.49473
-10.57 2.45725
-10.56 2.41991
-10.55 2.38272
-10.54 2.34567
-10.53 2.30879
-10.52 2.27207
-10.51 2.23551
-10.5 2.19912
-10.49 2.1629
-10.48 2.12686
-10.47 2.09101
-10.46 2.05534
-10.45 2.01986
-10.44 1.98457
-10.43 1.94948
-10.42 1.91459
-10.41 1.87991
-10.4 1.84544
-10.39 1.81119
-10.38 1.77715
-10.37 1.74333
-10.36 1.70974
-10.35 1.67638
-10.34 1.64326
-10.33 1.61037
-10.32 1.57772
-10.31 1.54532
-10.3 1.51317
-10.29 1.48127
-10.28 1.44962
-10.27 1.41824
-10.26 1.38712
-10.25 1.35626
-10.24 1.32568
-10.23 1.29537
-10.22 1.26533
-10.21 1.23558
-10.2 1.20612
-10.19 1.17694
-10.18 1.14805
-10.17 1.11945
-10.16 1.09116
-10.15 1.06316
-10.14 1.03547
-10.13 1.00808
-10.12 0.98101
-10.11 0.954249
-10.1 0.927805
-10.09 0.90168
-10.08 0.875878
-10.07 0.850401
-10.06 0.825253
-10.05 0.800436
-10.04 0.775952
-10.03 0.751806
-10.02 0.727999
-10.01 0.704535
-10 0.681415
-9.99 0.658643
-9.98 0.636222
-9.97 0.614153
-9.96 0.592439
-9.95 0.571083
-9.94 0.550087
-9.93 0.529454
-9.92 0.509186
-9.91 0.489285
-9.9 0.469753
-9.89 0.450594
-9.88 0.431808
-9.87 0.413398
-9.86 0.395366
-9.85 0.377714
-9.84 0.360445
-9.83 0.343559
-9.82 0.32706
-9.81 0.310948
-9.8 0.295226
-9.79 0.279896
-9.78 0.264959
-9.77 0.250417
-9.76 0.236272
-9.75 0.222525
-9.74 0.209177
-9.73 0.196231
-9.72 0.183688
-9.71 0.171549
-9.7 0.159815
-9.69 0.148488
-9.68 0.13757
-9.67 0.127061
-9.66 0.116962
-9.65 0.107276
-9.64 0.0980016
-9.63 0.0891415
-9.62 0.0806964
-9.61 0.0726671
-9.6 0.0650545
-9.59 0.0578596
-9.58 0.0510832
-9.57 0.0447259
-9.56 0.0387886
-9.55 0.0332719
-9.54 0.0281764
-9.53 0.0235027
-9.52 0.0192514
-9.51 0.0154229
-9.5 0.0120176
-9.49 0.00903594
-9.48 0.00647827
-9.47 0.00434486
-9.46 0.00263595
-9.45 0.00135174
-9.44 0.000492374
-9.43 5.7948e-05
-9.42 4.85113e-05
-9.41 0.000464065
-9.4 0.00130456
-9.39 0.00256991
-9.38 0.00425996
-9.37 0.00637452
-9.36 0.00891336
-9.35 0.0118762
-9.34 0.0152627
-9.33 0.0190724
-9.32 0.023305
-9.31 0.0279599
-9.3 0.0330367
-9.29 0.0385347
-9.28 0.0444534
-9.27 0.050792
-9.26 0.0575498
-9.25 0.0647262
-9.24 0.0723202
-9.23 0.080331
-9.22 0.0887577
-9.21 0.0975993
-9.2 0.106855
-9.19 0.116523
-9.18 0.126604
-9.17 0.137095
-9.16 0.147995
-9.15 0.159304
-9.14 0.171019
-9.13 0.18314
-9.12 0.195666
-9.11 0.208594
-9.1 0.221924
-9.09 0.235653
-9.08 0.249781
-9.07 0.264305
-9.06 0.279225
-9.05 0.294537
-9.04 0.310242
-9.03 0.326336
-9.02 0.342818
-9.01 0.359687
-9 0.376939
-8.99 0.394574
-8.98 0.412589
-8.97 0.430982
-8.96 0.449751
-8.95 0.468895
-8.94 0.48841
-8.93 0.508294
-8.92 0.528546
-8.91 0.549163
-8.9 0.570143
-8.89 0.591483
-8.88 0.613181
-8.87 0.635234
-8.86 0.65764
-8.85 0.680397
-8.84 0.703501
-8.83 0.72695
-8.82 0.750741
-8.81 0.774873
-8.8 0.799341
-8.79 0.824144
-8.78 0.849277
-8.77 0.87474
-8.76 0.900528
-8.75 0.926638
-8.74 0.953068
-8.73 0.979815
-8.72 1.00688
-8.71 1.03425
-8.7 1.06192
-8.69 1.08991
-8.68 1.11819
-8.67 1.14677
-8.66 1.17565
-8.65 1.20481
-8.64 1.23427
-8.63 1.26401
-8.62 1.29403
-8.61 1.32433
-8.6 1.3549
-8.59 1.38574
-8.58 1.41685
-8.57 1.44822
-8.56 1.47986
-8.55 1.51175
-8.54 1.54389
-8.53 1.57628
-8.52 1.60892
-8.51 1.64179
-8.5 1.67491
-8.49 1.70826
-8.48 1.74184
-8.47 1.77564
-8.46 1.80967
-8.45 1.84392
-8.44 1.87838
-8.43 1.91305
-8.42 1.94793
-8.41 1.98301
-8.4 2.01828
-8.39 2.05376
-8.38 2.08942
-8.37 2.12527
-8.36 2.1613
-8.35 2.19751
-8.34 2.23389
-8.33 2.27044
-8.32 2.30716
-8.31 2.34403
-8.3 2.38107
-8.29 2.41825
-8.28 2.45559
-8.27 2.49306
-8.26 2.53068
-8.25 2.56843
-8.24 2.60631
-8.23 2.64432
-8.22 2.68245
-8.21 2.7207
-8.2 2.75906
-8.19 2.79752
-8.18 2.8361
-8.17 2.87477
-8.16 2.91353
-8.15 2.95239
-8.14 2.99133
-8.13 3.03035
-8.12 3.06945
-8.11 3.10862
-8.1 3.14785
-8.09 3.18715
-8.08 3.22651
-8.07 3.26592
-8.06 3.30538
-8.05 3.34489
-8.04 3.38443
-8.03 3.42401
-8.02 3.46362
-8.01 3.50325
-8 3.54291
-7.99 3.58258
-7.98 3.62226
-7.97 3.66195
-7.96 3.70164
-7.95 3.74133
-7.94 3.78101
-7.93 3.82067
-7.92 3.86032
-7.91 3.89995
-7.9 3.93955
-7.89 3.97912
-7.88 4.01866
-7.87 4.05815
-7.86 4.0976
-7.85 4.137
-7.84 4.17634
-7.83 4.21563
-7.82 4.25485
-7.81 4.294
-7.8 4.33308
-7.79 4.37207
-7.78 4.41099
-7.77 4.44982
-7.76 4.48855
-7.75 4.52719
-7.74 4.56572
-7.73 4.60415
-7.72 4.64247
-7.71 4.68067
-7.7 4.71874
-7.69 4.7567
-7.68 4.79452
-7.67 4.83221
-7.66 4.86976
-7.65 4.90717
-7.64 4.94442
-7.63 4.98153
-7.62 5.01847
-7.61 5.05526
-7.6 5.09187
-7.59 5.12832
-7.58 5.16459
-7.57 5.20068
-7.56 5.23658
-7.55 5.27229
-7.54 5.30781
-7.53 5.34313
-7.52 5.37825
-7.51 5.41316
-7.5 5.44786
-7.49 5.48234
-7.48 5.51661
-7.47 5.55064
-7.46 5.58445
-7.45 5.61803
-7.44 5.65136
-7.43 5.68446
-7.42 5.7173
-7.41 5.7499
-7.4 5.78225
-7.39 5.81433
-7.38 5.84615
-7.37 5.8777
-7.36 5.90898
-7.35 5.93999
-7.34 5.97072
-7.33 6.00116
-7.32 6.03132
-7.31 6.06118
-7.3 6.09075
-7.29 6.12002
-7.28 6.14898
-7.27 6.17764
-7.26 6.20599
-7.25 6.23402
-7.24 6.26173
-7.23 6.28912
-7.22 6.31618
-7.21 6.34292
-7.2 6.36932
-7.19 6.39538
-7.18 6.4211
-7.17 6.44648
-7.16 6.47151
-7.15 6.49619
-7.14 6.52051
-7.13 6.54447
-7.12 6.56807
-7.11 6.59131
-7.1 6.61418
-7.09 6.63667
-7.08 6.65879
-7.07 6.68054
-7.06 6.7019
-7.05 6.72287
-7.04 6.74346
-7.03 6.76365
-7.02 6.78345
-7.01 6.80286
-7 6.82186
-6.99 6.84046
-6.98 6.85866
-6.97 6.87644
-6.96 6.89381
-6.95 6.91077
-6.94 6.92731
-6.93 6.94343
-6.92 6.95913
-6.91 6.97441
-6.9 6.98925
-6.89 7.00366
-6.88 7.01764
-6.87 7.03119
-6.86 7.0443
-6.85 7.05696
-6.84 7.06919
-6.83 7.08097
-6.82 7.0923
-6.81 7.10318
-6.8 7.11361
-6.79 7.12359
-6.78 7.13311
-6.77 7.14217
-6.76 7.15077
-6.75 7.15891
-6.74 7.16659
-6.73 7.1738
-6.72 7.18054
-6.71 7.18682
-6.7 7.19262
-6.69 7.19795
-6.68 7.20281
-6.67 7.20719
-6.66 7.21109
-6.65 7.21451
-6.64 7.21746
-6.63 7.21992
-6.62 7.2219
-6.61 7.22339
-6.6 7.2244
-6.59 7.22492
-6.58 7.22495
-6.57 7.2245
-6.56 7.22355
-6.55 7.22211
-6.54 7.22018
-6.53 7.21776
-6.52 7.21484
-6.51 7.21143
-6.5 7.20752
-6.49 7.20312
-6.48 7.19822
-6.47 7.19282
-6.46 7.18692
-6.45 7.18053
-6.44 7.17363
-6.43 7.16623
-6.42 7.15834
-6.41 7.14994
-6.4 7.14105
-6.39 7.13165
-6.38 7.12175
-6.37 7.11135
-6.36 7.10045
-6.35 7.08905
-6.34 7.07714
-6.33 7.06474
-6.32 7.05183
-6.31 7.03842
-6.3 7.02451
-6.29 7.01011
-6.28 6.9952
-6.27 6.97979
-6.26 6.96388
-6.25 6.94747
-6.24 6.93057
-6.23 6.91316
-6.22 6.89526
-6.21 6.87686
-6.2 6.85797
-6.19 6.83858
-6.18 6.8187
-6.17 6.79832
-6.16 6.77745
-6.15 6.75609
-6.14 6.73424
-6.13 6.7119
-6.12 6.68907
-6.11 6.66575
-6.1 6.64195
-6.09 6.61766
-6.08 6.59289
-6.07 6.56764
-6.06 6.5419
-6.05 6.51569
-6.04 6.489
-6.03 6.46183
-6.02 6.43419
-6.01 6.40608
-6 6.37749
-5.99 6.34844
-5.98 6.31891
-5.97 6.28892
-5.96 6.25847
-5.95 6.22756
-5.94 6.19618
-5.93 6.16435
-5.92 6.13206
-5.91 6.09932
-5.9 6.06612
-5.89 6.03248
-5.88 5.99839
-5.87 5.96385
-5.86 5.92888
-5.85 5.89346
-5.84 5.8576
-5.83 5.82131
-5.82 5.78459
-5.81 5.74743
-5.8 5.70985
-5.79 5.67184
-5.78 5.63341
-5.77 5.59457
-5.76 5.5553
-5.75 5.51562
-5.74 5.47554
-5.73 5.43504
-5.72 5.39414
-5.71 5.35283
-5.7 5.31113
-5.69 5.26903
-5.68 5.22654
-5.67 5.18366
-5.66 5.14039
-5.65 5.09674
-5.64 5.05271
-5.63 5.00831
-5.62 4.96353
-5.61 4.91838
-5.6 4.87286
-5.59 4.82699
-5.58 4.78075
-5.57 4.73416
-5.56 4.68721
-5.55 4.63992
-5.54 4.59229
-5.53 4.54431
-5.52 4.49599
-5.51 4.44734
-5.5 4.39837
-5.49 4.34906
-5.48 4.29944
-5.47 4.24949
-5.46 4.19924
-5.45 4.14867
-5.44 4.0978
-5.43 4.04662
-5.42 3.99515
-5.41 3.94338
-5.4 3.89132
-5.39 3.83898
-5.38 3.78636
-5.37 3.73346
-5.36 3.68029
-5.35 3.62685
-5.34 3.57315
-5.33 3.51918
-5.32 3.46496
-5.31 3.4105
-5.3 3.35578
-5.29 3.30082
-5.28 3.24563
-5.27 3.1902
-5.26 3.13455
-5.25 3.07867
-5.24 3.02257
-5.23 2.96626
-5.22 2.90973
-5.21 2.85301
-5.2 2.79608
-5.19 2.73896
-5.18 2.68164
-5.17 2.62414
-5.16 2.56646
-5.15 2.5086
-5.14 2.45057
-5.13 2.39238
-5.12 2.33402
-5.11 2.2755
-5.1 2.21684
-5.09 2.15802
-5.08 2.09907
-5.07 2.03997
-5.06 1.98075
-5.05 1.92139
-5.04 1.86192
-5.03 1.80233
-5.02 1.74262
-5.01 1.68281
-5 1.62289
-4.99 1.56288
-4.98 1.50278
-4.97 1.44259
-4.96 1.38232
-4.95 1.32197
-4.94 1.26155
-4.93 1.20107
-4.92 1.14052
-4.91 1.07992
-4.9 1.01927
-4.89 0.95857
-4.88 0.897832
-4.87 0.837058
-4.86 0.776256
-4.85 0.715428
-4.84 0.654581
-4.83 0.59372
-4.82 0.53285
-4.81 0.471977
-4.8 0.411105
-4.79 0.350241
-4.78 0.289388
-4.77 0.228553
-4.76 0.16774
-4.75 0.106956
-4.74 0.0462043
-4.73 -0.0145085
-4.72 -0.0751776
-4.71 -0.135798
-4.7 -0.196363
-4.69 -0.25687
-4.68 -0.317311
-4.67 -0.377682
-4.66 -0.437978
-4.65 -0.498194
-4.64 -0.558323
-4.63 -0.618362
-4.62 -0.678304
-4.61 -0.738144
-4.6 -0.797878
-4.59 -0.8575
-4.58 -0.917005
-4.57 -0.976387
-4.56 -1.03564
-4.55 -1.09476
-4.54 -1.15375
-4.53 -1.21259
-4.52 -1.27128
-4.51 -1.32982
-4.5 -1.3882
-4.49 -1.44641
-4.48 -1.50446
-4.47 -1.56234
-4.46 -1.62003
-4.45 -1.67754
-4.44 -1.73486
-4.43 -1.79199
-4.42 -1.84892
-4.41 -1.90564
-4.4 -1.96215
-4.39 -2.01845
-4.38 -2.07453
-4.37 -2.13039
-4.36 -2.18602
-4.35 -2.24141
-4.34 -2.29656
-4.33 -2.35147
-4.32 -2.40613
-4.31 -2.46054
-4.3 -2.51469
-4.29 -2.56858
-4.28 -2.6222
-4.27 -2.67554
-4.26 -2.72861
-4.25 -2.7814
-4.24 -2.8339
-4.23 -2.8861
-4.22 -2.93802
-4.21 -2.98963
-4.2 -3.04093
-4.19 -3.09193
-4.18 -3.14261
-4.17 -3.19297
-4.16 -3.24301
-4.15 -3.29272
-4.14 -3.3421
-4.13 -3.39114
-4.12 -3.43984
-4.11 -3.4882
-4.1 -3.53621
-4.09 -3.58386
-4.08 -3.63115
-4.07 -3.67808
-4.06 -3.72465
-4.05 -3.77084
-4.04 -3.81666
-4.03 -3.8621
-4.02 -3.90716
-4.01 -3.95183
-4 -3.99611
-3.99 -4.03999
-3.98 -4.08348
-3.97 -4.12656
-3.96 -4.16924
-3.95 -4.2115
-3.94 -4.25335
-3.93 -4.29479
-3.92 -4.3358
-3.91 -4.37638
-3.9 -4.41654
-3.89 -4.45626
-3.88 -4.49555
-3.87 -4.5344
-3.86 -4.57281
-3.85 -4.61076
-3.84 -4.64827
-3.83 -4.68533
-3.82 -4.72193
-3.81 -4.75806
-3.8 -4.79374
-3.79 -4.82895
-3.78 -4.86369
-3.77 -4.89795
-3.76 -4.93174
-3.75 -4.96505
-3.74 -4.99788
-3.73 -5.03023
-3.72 -5.06209
-3.71 -5.09345
-3.7 -5.12433
-3.69 -5.1547
-3.68 -5.18458
-3.67 -5.21396
-3.66 -5.24283
-3.65 -5.2712
-3.64 -5.29905
-3.63 -5.3264
-3.62 -5.35323
-3.61 -5.37954
-3.6 -5.40533
-3.59 -5.43061
-3.58 -5.45536
-3.57 -5.47958
-3.56 -5.50328
-3.55 -5.52644
-3.54 -5.54907
-3.53 -5.57117
-3.52 -5.59273
-3.51 -5.61376
-3.5 -5.63424
-3.49 -5.65418
-3.48 -5.67358
-3.47 -5.69243
-3.46 -5.71074
-3.45 -5.72849
-3.44 -5.7457
-3.43 -5.76235
-3.42 -5.77845
-3.41 -5.794
-3.4 -5.80899
-3.39 -5.82342
-3.38 -5.83729
-3.37 -5.8506
-3.36 -5.86335
-3.35 -5.87554
-3.34 -5.88716
-3.33 -5.89822
-3.32 -5.90871
-3.31 -5.91864
-3.3 -5.92799
-3.29 -5.93678
-3.28 -5.945
-3.27 -5.95265
-3.26 -5.95973
-3.25 -5.96624
-3.24 -5.97218
-3.23 -5.97754
-3.22 -5.98233
-3.21 -5.98655
-3.2 -5.99019
-3.19 -5.99326
-3.18 -5.99576
-3.17 -5.99768
-3.16 -5.99903
-3.15 -5.9998
-3.14 -5.99999
-3.13 -5.99961
-3.12 -5.99866
-3.11 -5.99713
-3.1 -5.99503
-3.09 -5.99235
-3.08 -5.9891
-3.07 -5.98527
-3.06 -5.98087
-3.05 -5.9759
-3.04 -5.97035
-3.03 -5.96423
-3.02 -5.95754
-3.01 -5.95028
-3 -5.94245
-2.99 -5.93405
-2.98 -5.92507
-2.97 -5.91554
-2.96 -5.90543
-2.95 -5.89476
-2.94 -5.88352
-2.93 -5.87171
-2.92 -5.85935
-2.91 -5.84642
-2.9 -5.83293
-2.89 -5.81888
-2.88 -5.80427
-2.87 -5.78911
-2.86 -5.77338
-2.85 -5.75711
-2.84 -5.74028
-2.83 -5.7229
-2.82 -5.70497
-2.81 -5.68649
-2.8 -5.66746
-2.79 -5.64789
-2.78 -5.62778
-2.77 -5.60712
-2.76 -5.58592
-2.75 -5.56419
-2.74 -5.54192
-2.73 -5.51912
-2.72 -5.49579
-2.71 -5.47192
-2.7 -5.44753
-2.69 -5.42261
-2.68 -5.39718
-2.67 -5.37122
-2.66 -5.34474
-2.65 -5.31774
-2.64 -5.29023
-2.63 -5.26222
-2.62 -5.23369
-2.61 -5.20466
-2.6 -5.17512
-2.59 -5.14508
-2.58 -5.11455
-2.57 -5.08351
-2.56 -5.05199
-2.55 -5.01998
-2.54 -4.98748
-2.53 -4.9545
-2.52 -4.92103
-2.51 -4.88709
-2.5 -4.85267
-2.49 -4.81778
-2.48 -4.78243
-2.47 -4.7466
-2.46 -4.71032
-2.45 -4.67357
-2.44 -4.63637
-2.43 -4.59872
-2.42 -4.56062
-2.41 -4.52207
-2.4 -4.48309
-2.39 -4.44366
-2.38 -4.4038
-2.37 -4.3635
-2.36 -4.32278
-2.35 -4.28163
-2.34 -4.24007
-2.33 -4.19809
-2.32 -4.15569
-2.31 -4.11288
-2.3 -4.06967
-2.29 -4.02606
-2.28 -3.98205
-2.27 -3.93764
-2.26 -3.89285
-2.25 -3.84767
-2.24 -3.80211
-2.23 -3.75617
-2.22 -3.70986
-2.21 -3.66318
-2.2 -3.61613
-2.19 -3.56872
-2.18 -3.52095
-2.17 -3.47284
-2.16 -3.42437
-2.15 -3.37556
-2.14 -3.32641
-2.13 -3.27692
-2.12 -3.22711
-2.11 -3.17696
-2.1 -3.1265
-2.09 -3.07572
-2.08 -3.02462
-2.07 -2.97322
-2.06 -2.92151
-2.05 -2.86951
-2.04 -2.8172
-2.03 -2.76461
-2.02 -2.71174
-2.01 -2.65858
-2 -2.60515
-1.99 -2.55144
-1.98 -2.49747
-1.97 -2.44324
-1.96 -2.38875
-1.95 -2.33401
-1.94 -2.27902
-1.93 -2.22379
-1.92 -2.16832
-1.91 -2.11262
-1.9 -2.05669
-1.89 -2.00054
-1.88 -1.94418
-1.87 -1.88759
-1.86 -1.83081
-1.85 -1.77381
-1.84 -1.71662
-1.83 -1.65924
-1.82 -1.60167
-1.81 -1.54392
-1.8 -1.48599
-1.79 -1.42789
-1.78 -1.36962
-1.77 -1.31119
-1.76 -1.2526
-1.75 -1.19386
-1.74 -1.13497
-1.73 -1.07595
-1.72 -1.01678
-1.71 -0.957485
-1.7 -0.898064
-1.69 -0.838521
-1.68 -0.778863
-1.67 -0.719095
-1.66 -0.659221
-1.65 -0.599248
-1.64 -0.53918
-1.63 -0.479022
-1.62 -0.418781
-1.61 -0.35846
-1.6 -0.298066
-1.59 -0.237603
-1.58 -0.177078
-1.57 -0.116494
-1.56 -0.0558577
-1.55 0.00482591
-1.54 0.0655516
-1.53 0.126314
-1.52 0.187108
-1.51 0.247928
-1.5 0.30877
-1.49 0.369627
-1.48 0.430494
-1.47 0.491367
-1.46 0.55224
-1.45 0.613108
-1.44 0.673965
-1.43 0.734806
-1.42 0.795626
-1.41 0.85642
-1.4 0.917183
-1.39 0.977909
-1.38 1.03859
-1.37 1.09923
-1.36 1.15981
-1.35 1.22034
-1.34 1.28081
-1.33 1.3412
-1.32 1.40153
-1.31 1.46177
-1.3 1.52193
-1.29 1.58201
-1.28 1.64199
-1.27 1.70187
-1.26 1.76165
-1.25 1.82132
-1.24 1.88088
-1.23 1.94031
-1.22 1.99963
-1.21 2.05881
-1.2 2.11786
-1.19 2.17677
-1.18 2.23554
-1.17 2.29416
-1.16 2.35263
-1.15 2.41093
-1.14 2.46908
-1.13 2.52705
-1.12 2.58485
-1.11 2.64248
-1.1 2.69992
-1.09 2.75717
-1.08 2.81423
-1.07 2.8711
-1.06 2.92776
-1.05 2.98422
-1.04 3.04046
-1.03 3.09649
-1.02 3.1523
-1.01 3.20788
-1 3.26323
-0.99 3.31835
-0.98 3.37324
-0.97 3.42787
-0.96 3.48226
-0.95 3.5364
-0.94 3.59028
-0.93 3.6439
-0.92 3.69726
-0.91 3.75034
-0.9 3.80315
-0.89 3.85569
-0.88 3.90794
-0.87 3.9599
-0.86 4.01157
-0.85 4.06295
-0.84 4.11403
-0.83 4.16481
-0.82 4.21528
-0.81 4.26544
-0.8 4.31528
-0.79 4.3648
-0.78 4.414
-0.77 4.46288
-0.76 4.51142
-0.75 4.55963
-0.74 4.6075
-0.73 4.65502
-0.72 4.70221
-0.71 4.74904
-0.7 4.79552
-0.69 4.84164
-0.68 4.8874
-0.67 4.9328
-0.66 4.97783
-0.65 5.02249
-0.64 5.06678
-0.63 5.11069
-0.62 5.15422
-0.61 5.19736
-0.6 5.24012
-0.59 5.28248
-0.58 5.32446
-0.57 5.36603
-0.56 5.40721
-0.55 5.44798
-0.54 5.48835
-0.53 5.52831
-0.52 5.56785
-0.51 5.60699
-0.5 5.6457
-0.49 5.684
-0.48 5.72187
-0.47 5.75931
-0.46 5.79633
-0.45 5.83292
-0.44 5.86907
-0.43 5.90479
-0.42 5.94007
-0.41 5.9749
-0.4 6.0093
-0.39 6.04325
-0.38 6.07675
-0.37 6.1098
-0.36 6.1424
-0.35 6.17454
-0.34 6.20623
-0.33 6.23745
-0.32 6.26822
-0.31 6.29853
-0.3 6.32837
-0.29 6.35774
-0.28 6.38665
-0.27 6.41508
-0.26 6.44305
-0.25 6.47054
-0.24 6.49755
-0.23 6.52409
-0.22 6.55015
-0.21 6.57573
-0.2 6.60083
-0.19 6.62545
-0.18 6.64958
-0.17 6.67323
-0.16 6.69639
-0.15 6.71907
-0.14 6.74125
-0.13 6.76295
-0.12 6.78415
-0.11 6.80486
-0.1 6.82508
-0.09 6.84481
-0.08 6.86404
-0.07 6.88278
-0.06 6.90102
-0.05 6.91876
-0.04 6.936
-0.03 6.95275
-0.02 6.969
-0.01 6.98475
3.26936e-13 7
0.01 7.01475
0.02 7.029
0.03 7.04275
0.04 7.056
0.05 7.06874
0.06 7.08099
0.07 7.09273
0.08 7.10398
0.09 7.11472
0.1 7.12496
0.11 7.1347
0.12 7.14394
0.13 7.15267
0.14 7.16091
0.15 7.16864
0.16 7.17588
0.17 7.18262
0.18 7.18885
0.19 7.19459
0.2 7.19983
0.21 7.20458
0.22 7.20882
0.23 7.21257
0.24 7.21583
0.25 7.21859
0.26 7.22085
0.27 7.22263
0.28 7.22391
0.29 7.2247
0.3 7.225
0.31 7.22481
0.32 7.22413
0.33 7.22297
0.34 7.22132
0.35 7.21919
0.36 7.21657
0.37 7.21348
0.38 7.2099
0.39 7.20584
0.4 7.20131
0.41 7.19631
0.42 7.19082
0.43 7.18487
0.44 7.17845
0.45 7.17155
0.46 7.1642
0.47 7.15637
0.48 7.14808
0.49 7.13933
0.5 7.13012
0.51 7.12046
0.52 7.11034
0.53 7.09976
0.54 7.08874
0.55 7.07726
0.56 7.06534
0.57 7.05298
0.58 7.04017
0.59 7.02692
0.6 7.01324
0.61 6.99912
0.62 6.98457
0.63 6.96959
0.64 6.95418
0.65 6.93835
0.66 6.92209
0.67 6.90542
0.68 6.88832
0.69 6.87082
0.7 6.8529
0.71 6.83458
0.72 6.81585
0.73 6.79672
0.74 6.77719
0.75 6.75726
0.76 6.73694
0.77 6.71623
0.78 6.69513
0.79 6.67365
0.8 6.65179
0.81 6.62955
0.82 6.60693
0.83 6.58395
0.84 6.5606
0.85 6.53688
0.86 6.5128
0.87 6.48836
0.88 6.46357
0.89 6.43843
0.9 6.41295
0.91 6.38712
0.92 6.36095
0.93 6.33444
0.94 6.3076
0.95 6.28043
0.96 6.25294
0.97 6.22512
0.98 6.19699
0.99 6.16854
1 6.13979
1.01 6.11073
1.02 6.08136
1.03 6.0517
1.04 6.02174
1.05 5.99149
1.06 5.96096
1.07 5.93014
1.08 5.89905
1.09 5.86768
1.1 5.83604
1.11 5.80414
1.12 5.77197
1.13 5.73955
1.14 5.70687
1.15 5.67394
1.16 5.64077
1.17 5.60736
1.18 5.57371
1.19 5.53983
1.2 5.50572
1.21 5.47138
1.22 5.43683
1.23 5.40206
1.24 5.36709
1.25 5.3319
1.26 5.29652
1.27 5.26094
1.28 5.22516
1.29 5.1892
1.3 5.15305
1.31 5.11673
1.32 5.08023
1.33 5.04356
1.34 5.00672
1.35 4.96973
1.36 4.93257
1.37 4.89527
1.38 4.85782
1.39 4.82022
1.4 4.78249
1.41 4.74462
1.42 4.70663
1.43 4.66851
1.44 4.63027
1.45 4.59192
1.46 4.55346
1.47 4.51489
1.48 4.47622
1.49 4.43746
1.5 4.3986
1.51 4.35966
1.52 4.32064
1.53 4.28154
1.54 4.24236
1.55 4.20312
1.56 4.16382
1.57 4.12446
1.58 4.08504
1.59 4.04558
1.6 4.00607
1.61 3.96652
1.62 3.92694
1.63 3.88733
1.64 3.8477
1.65 3.80804
1.66 3.76837
1.67 3.72868
1.68 3.689
1.69 3.64931
1.7 3.60962
1.71 3.56994
1.72 3.53027
1.73 3.49063
1.74 3.451
1.75 3.4114
1.76 3.37183
1.77 3.3323
1.78 3.29281
1.79 3.25337
1.8 3.21397
1.81 3.17463
1.82 3.13535
1.83 3.09613
1.84 3.05699
1.85 3.01791
1.86 2.97891
1.87 2.94
1.88 2.90117
1.89 2.86244
1.9 2.8238
1.91 2.78526
1.92 2.74683
1.93 2.7085
1.94 2.67029
1.95 2.6322
1.96 2.59423
1.97 2.55639
1.98 2.51868
1.99 2.48111
2 2.44368
2.01 2.40639
2.02 2.36925
2.03 2.33227
2.04 2.29544
2.05 2.25878
2.06 2.22228
2.07 2.18595
2.08 2.1498
2.09 2.11383
2.1 2.07804
2.11 2.04244
2.12 2.00703
2.13 1.97181
2.14 1.93679
2.15 1.90198
2.16 1.86738
2.17 1.83298
2.18 1.79881
2.19 1.76485
2.2 1.73112
2.21 1.69761
2.22 1.66433
2.23 1.63129
2.24 1.59849
2.25 1.56593
2.26 1.53362
2.27 1.50156
2.28 1.46975
2.29 1.4382
2.3 1.40691
2.31 1.37589
2.32 1.34513
2.33 1.31464
2.34 1.28444
2.35 1.2545
2.36 1.22486
2.37 1.19549
2.38 1.16642
2.39 1.13764
2.4 1.10915
2.41 1.08096
2.42 1.05307
2.43 1.02549
2.44 0.998222
2.45 0.971261
2.46 0.944615
2.47 0.918286
2.48 0.892278
2.49 0.866594
2.5 0.841236
2.51 0.816207
2.52 0.791511
2.53 0.76715
2.54 0.743126
2.55 0.719443
2.56 0.696104
2.57 0.67311
2.58 0.650465
2.59 0.628171
2.6 0.606231
2.61 0.584647
2.62 0.563421
2.63 0.542557
2.64 0.522056
2.65 0.501921
2.66 0.482153
2.67 0.462757
2.68 0.443732
2.69 0.425082
2.7 0.406809
2.71 0.388915
2.72 0.371402
2.73 0.354272
2.74 0.337526
2.75 0.321167
2.76 0.305197
2.77 0.289617
2.78 0.27443
2.79 0.259636
2.8 0.245237
2.81 0.231236
2.82 0.217634
2.83 0.204432
2.84 0.191632
2.85 0.179235
2.86 0.167243
2.87 0.155657
2.88 0.144478
2.89 0.133708
2.9 0.123348
2.91 0.113399
2.92 0.103862
2.93 0.094738
2.94 0.0860284
2.95 0.0777341
2.96 0.069856
2.97 0.0623949
2.98 0.0553518
2.99 0.0487274
3 0.0425225
3.01 0.0367377
3.02 0.0313738
3.03 0.0264314
3.04 0.0219109
3.05 0.017813
3.06 0.014138
3.07 0.0108864
3.08 0.00805863
3.09 0.00565491
3.1 0.00367554
3.11 0.00212075
3.12 0.000990722
3.13 0.000285574
3.14 5.39016e-06
3.15 0.000150201
3.16 0.000719992
3.17 0.0017147
3.18 0.0031342
3.19 0.00497835
3.2 0.00724693
3.21 0.00993969
3.22 0.0130563
3.23 0.0165965
3.24 0.0205597
3.25 0.0249456
3.26 0.0297537
3.27 0.0349835
3.28 0.0406342
3.29 0.0467054
3.3 0.0531962
3.31 0.0601061
3.32 0.0674341
3.33 0.0751795
3.34 0.0833413
3.35 0.0919187
3.36 0.100911
3.37 0.110316
3.38 0.120134
3.39 0.130364
3.4 0.141003
3.41 0.152052
3.42 0.163509
3.43 0.175372
3.44 0.18764
3.45 0.200311
3.46 0.213385
3.47 0.22686
3.48 0.240735
3.49 0.255006
3.5 0.269674
3.51 0.284737
3.52 0.300192
3.53 0.316038
3.54 0.332273
3.55 0.348896
3.56 0.365904
3.57 0.383295
3.58 0.401068
3.59 0.419221
3.6 0.437751
3.61 0.456656
3.62 0.475935
3.63 0.495584
3.64 0.515602
3.65 0.535987
3.66 0.556736
3.67 0.577847
3.68 0.599317
3.69 0.621144
3.7 0.643325
3.71 0.665859
3.72 0.688742
3.73 0.711972
3.74 0.735545
3.75 0.759461
3.76 0.783715
3.77 0.808304
3.78 0.833228
3.79 0.858481
3.8 0.884062
3.81 0.909967
3.82 0.936194
3.83 0.962739
3.84 0.9896
3.85 1.01677
3.86 1.04426
3.87 1.07205
3.88 1.10014
3.89 1.12853
3.9 1.15722
3.91 1.1862
3.92 1.21547
3.93 1.24503
3.94 1.27487
3.95 1.30499
3.96 1.33539
3.97 1.36606
3.98 1.397
3.99 1.42821
4 1.45967
4.01 1.4914
4.02 1.52338
4.03 1.55562
4.04 1.5881
4.05 1.62082
4.06 1.65378
4.07 1.68699
4.08 1.72042
4.09 1.75408
4.1 1.78797
4.11 1.82207
4.12 1.8564
4.13 1.89094
4.14 1.92568
4.15 1.96063
4.16 1.99579
4.17 2.03114
4.18 2.06668
4.19 2.10241
4.2 2.13832
4.21 2.17442
4.22 2.21069
4.23 2.24714
4.24 2.28375
4.25 2.32052
4.26 2.35746
4.27 2.39455
4.28 2.43179
4.29 2.46917
4.3 2.5067
4.31 2.54437
4.32 2.58217
4.33 2.62009
4.34 2.65815
4.35 2.69632
4.36 2.73461
4.37 2.77301
4.38 2.81151
4.39 2.85012
4.4 2.88882
4.41 2.92762
4.42 2.96651
4.43 3.00548
4.44 3.04453
4.45 3.08366
4.46 3.12285
4.47 3.16211
4.48 3.20143
4.49 3.24081
4.5 3.28024
4.51 3.31972
4.52 3.35924
4.53 3.39879
4.54 3.43838
4.55 3.478
4.56 3.51764
4.57 3.5573
4.58 3.59698
4.59 3.63666
4.6 3.67635
4.61 3.71604
4.62 3.75573
4.63 3.7954
4.64 3.83507
4.65 3.87471
4.66 3.91433
4.67 3.95392
4.68 3.99348
4.69 4.033
4.7 4.07248
4.71 4.11191
4.72 4.15129
4.73 4.19061
4.74 4.22987
4.75 4.26907
4.76 4.30819
4.77 4.34724
4.78 4.38621
4.79 4.42509
4.8 4.46388
4.81 4.50258
4.82 4.54118
4.83 4.57968
4.84 4.61807
4.85 4.65634
4.86 4.6945
4.87 4.73253
4.88 4.77044
4.89 4.80822
4.9 4.84586
4.91 4.88335
4.92 4.92071
4.93 4.95791
4.94 4.99495
4.95 5.03184
4.96 5.06857
4.97 5.10512
4.98 5.1415
4.99 5.17771
5 5.21373
5.01 5.24956
5.02 5.28521
5.03 5.32065
5.04 5.3559
5.05 5.39095
5.06 5.42578
5.07 5.4604
5.08 5.4948
5.09 5.52899
5.1 5.56294
5.11 5.59666
5.12 5.63015
5.13 5.6634
5.14 5.69641
5.15 5.72916
5.16 5.76167
5.17 5.79392
5.18 5.82591
5.19 5.85763
5.2 5.88909
5.21 5.92027
5.22 5.95117
5.23 5.9818
5.24 6.01214
5.25 6.04219
5.26 6.07195
5.27 6.10141
5.28 6.13056
5.29 6.15942
5.3 6.18796
5.31 6.2162
5.32 6.24411
5.33 6.27171
5.34 6.29898
5.35 6.32593
5.36 6.35254
5.37 6.37882
5.38 6.40476
5.39 6.43035
5.4 6.4556
5.41 6.48051
5.42 6.50505
5.43 6.52925
5.44 6.55308
5.45 6.57655
5.46 6.59965
5.47 6.62239
5.48 6.64475
5.49 6.66673
5.5 6.68833
5.51 6.70955
5.52 6.73039
5.53 6.75083
5.54 6.77088
5.55 6.79054
5.56 6.8098
5.57 6.82866
5.58 6.84711
5.59 6.86516
5.6 6.88279
5.61 6.90002
5.62 6.91682
5.63 6.93321
5.64 6.94918
5.65 6.96473
5.66 6.97984
5.67 6.99453
5.68 7.00879
5.69 7.02261
5.7 7.036
5.71 7.04895
5.72 7.06145
5.73 7.07351
5.74 7.08513
5.75 7.0963
5.76 7.10702
5.77 7.11728
5.78 7.1271
5.79 7.13645
5.8 7.14535
5.81 7.15378
5.82 7.16175
5.83 7.16926
5.84 7.1763
5.85 7.18288
5.86 7.18898
5.87 7.19461
5.88 7.19977
5.89 7.20445
5.9 7.20866
5.91 7.21239
5.92 7.21564
5.93 7.21841
5.94 7.22069
5.95 7.2225
5.96 7.22381
5.97 7.22465
5.98 7.22499
5.99 7.22485
6 7.22421
6.01 7.22309
6.02 7.22147
6.03 7.21936
6.04 7.21676
6.05 7.21366
6.06 7.21007
6.07 7.20598
6.08 7.2014
6.09 7.19632
6.1 7.19074
6.11 7.18466
6.12 7.17808
6.13 7.171
6.14 7.16343
6.15 7.15535
6.16 7.14677
6.17 7.13769
6.18 7.12811
6.19 7.11803
6.2 7.10745
6.21 7.09637
6.22 7.08478
6.23 7.0727
6.24 7.06011
6.25 7.04702
6.26 7.03343
6.27 7.01934
6.28 7.00475
6.29 6.98966
6.3 6.97407
6.31 6.95798
6.32 6.94139
6.33 6.92431
6.34 6.90672
6.35 6.88864
6.36 6.87006
6.37 6.85099
6.38 6.83142
6.39 6.81136
6.4 6.7908
6.41 6.76975
6.42 6.74822
6.43 6.72619
6.44 6.70367
6.45 6.68066
6.46 6.65717
6.47 6.63319
6.48 6.60873
6.49 6.58378
6.5 6.55835
6.51 6.53244
6.52 6.50606
6.53 6.47919
6.54 6.45186
6.55 6.42404
6.56 6.39576
6.57 6.367
6.58 6.33778
6.59 6.30808
6.6 6.27793
6.61 6.24731
6.62 6.21622
6.63 6.18468
6.64 6.15268
6.65 6.12023
6.66 6.08732
6.67 6.05397
6.68 6.02016
6.69 5.98591
6.7 5.95121
6.71 5.91607
6.72 5.88049
6.73 5.84448
6.74 5.80803
6.75 5.77115
6.76 5.73384
6.77 5.6961
6.78 5.65794
6.79 5.61936
6.8 5.58036
6.81 5.54095
6.82 5.50112
6.83 5.46088
6.84 5.42024
6.85 5.37919
6.86 5.33774
6.87 5.2959
6.88 5.25365
6.89 5.21102
6.9 5.168
6.91 5.12459
6.92 5.08081
6.93 5.03664
6.94 4.9921
6.95 4.94718
6.96 4.9019
6.97 4.85626
6.98 4.81025
6.99 4.76388
7 4.71716
7.01 4.67009
7.02 4.62267
7.03 4.57491
7.04 4.52681
7.05 4.47837
7.06 4.42961
7.07 4.38051
7.08 4.33109
7.09 4.28135
7.1 4.23129
7.11 4.18092
7.12 4.13024
7.13 4.07926
7.14 4.02797
7.15 3.97639
7.16 3.92452
7.17 3.87236
7.18 3.81992
7.19 3.76719
7.2 3.7142
7.21 3.66093
7.22 3.60739
7.23 3.55359
7.24 3.49953
7.25 3.44522
7.26 3.39067
7.27 3.33586
7.28 3.28082
7.29 3.22554
7.3 3.17003
7.31 3.11429
7.32 3.05833
7.33 3.00216
7.34 2.94577
7.35 2.88917
7.36 2.83237
7.37 2.77537
7.38 2.71818
7.39 2.66079
7.4 2.60323
7.41 2.54548
7.42 2.48756
7.43 2.42947
7.44 2.37122
7.45 2.3128
7.46 2.25423
7.47 2.19551
7.48 2.13664
7.49 2.07763
7.5 2.01849
7.51 1.95922
7.52 1.89982
7.53 1.8403
7.54 1.78067
7.55 1.72092
7.56 1.66107
7.57 1.60113
7.58 1.54108
7.59 1.48095
7.6 1.42073
7.61 1.36043
7.62 1.30005
7.63 1.23961
7.64 1.1791
7.65 1.11853
7.66 1.05791
7.67 0.997243
7.68 0.93653
7.69 0.875778
7.7 0.814994
7.71 0.754181
7.72 0.693346
7.73 0.632494
7.74 0.571629
7.75 0.510757
7.76 0.449884
7.77 0.389014
7.78 0.328153
7.79 0.267306
7.8 0.206479
7.81 0.145676
7.82 0.0849026
7.83 0.0241646
7.84 -0.036533
7.85 -0.0971849
7.86 -0.157786
7.87 -0.218331
7.88 -0.278814
7.89 -0.33923
7.9 -0.399575
7.91 -0.459842
7.92 -0.520027
7.93 -0.580124
7.94 -0.640128
7.95 -0.700034
7.96 -0.759837
7.97 -0.819531
7.98 -0.87911
7.99 -0.938571
8 -0.997908
8.01 -1.05711
8.02 -1.11619
8.03 -1.17512
8.04 -1.23391
8.05 -1.29254
8.06 -1.35103
8.07 -1.40935
8.08 -1.4675
8.09 -1.52549
8.1 -1.5833
8.11 -1.64092
8.12 -1.69837
8.13 -1.75562
8.14 -1.81267
8.15 -1.86953
8.16 -1.92618
8.17 -1.98261
8.18 -2.03883
8.19 -2.09483
8.2 -2.15061
8.21 -2.20615
8.22 -2.26145
8.23 -2.31652
8.24 -2.37134
8.25 -2.42591
8.26 -2.48023
8.27 -2.53428
8.28 -2.58807
8.29 -2.64159
8.3 -2.69484
8.31 -2.7478
8.32 -2.80048
8.33 -2.85288
8.34 -2.90498
8.35 -2.95678
8.36 -3.00828
8.37 -3.05948
8.38 -3.11036
8.39 -3.16092
8.4 -3.21117
8.41 -3.26109
8.42 -3.31068
8.43 -3.35994
8.44 -3.40886
8.45 -3.45744
8.46 -3.50566
8.47 -3.55354
8.48 -3.60107
8.49 -3.64823
8.5 -3.69503
8.51 -3.74146
8.52 -3.78752
8.53 -3.8332
8.54 -3.8785
8.55 -3.92342
8.56 -3.96795
8.57 -4.01208
8.58 -4.05582
8.59 -4.09916
8.6 -4.1421
8.61 -4.18463
8.62 -4.22674
8.63 -4.26844
8.64 -4.30972
8.65 -4.35058
8.66 -4.39101
8.67 -4.43101
8.68 -4.47057
8.69 -4.5097
8.7 -4.54839
8.71 -4.58663
8.72 -4.62443
8.73 -4.66177
8.74 -4.69866
8.75 -4.73509
8.76 -4.77107
8.77 -4.80657
8.78 -4.84161
8.79 -4.87618
8.8 -4.91027
8.81 -4.94389
8.82 -4.97703
8.83 -5.00968
8.84 -5.04185
8.85 -5.07353
8.86 -5.10471
8.87 -5.13541
8.88 -5.1656
8.89 -5.1953
8.9 -5.2245
8.91 -5.25318
8.92 -5.28137
8.93 -5.30904
8.94 -5.33619
8.95 -5.36284
8.96 -5.38896
8.97 -5.41457
8.98 -5.43965
8.99 -5.46421
9 -5.48824
9.01 -5.51174
9.02 -5.53472
9.03 -5.55716
9.04 -5.57906
9.05 -5.60043
9.06 -5.62125
9.07 -5.64154
9.08 -5.66129
9.09 -5.68049
9.1 -5.69914
9.11 -5.71725
9.12 -5.7348
9.13 -5.75181
9.14 -5.76826
9.15 -5.78416
9.16 -5.7995
9.17 -5.81429
9.18 -5.82852
9.19 -5.84218
9.2 -5.85529
9.21 -5.86784
9.22 -5.87982
9.23 -5.89124
9.24 -5.90209
9.25 -5.91238
9.26 -5.9221
9.27 -5.93125
9.28 -5.93983
9.29 -5.94785
9.3 -5.95529
9.31 -5.96216
9.32 -5.96846
9.33 -5.97419
9.34 -5.97935
9.35 -5.98393
9.36 -5.98794
9.37 -5.99138
9.38 -5.99424
9.39 -5.99652
9.4 -5.99823
9.41 -5.99937
9.42 -5.99993
9.43 -5.99992
9.44 -5.99933
9.45 -5.99817
9.46 -5.99643
9.47 -5.99412
9.48 -5.99123
9.49 -5.98777
9.5 -5.98374
9.51 -5.97913
9.52 -5.97395
9.53 -5.9682
9.54 -5.96187
9.55 -5.95497
9.56 -5.9475
9.57 -5.93946
9.58 -5.93086
9.59 -5.92168
9.6 -5.91193
9.61 -5.90162
9.62 -5.89074
9.63 -5.8793
9.64 -5.86729
9.65 -5.85472
9.66 -5.84159
9.67 -5.8279
9.68 -5.81364
9.69 -5.79883
9.7 -5.78346
9.71 -5.76754
9.72 -5.75106
9.73 -5.73403
9.74 -5.71645
9.75 -5.69832
9.76 -5.67964
9.77 -5.66042
9.78 -5.64065
9.79 -5.62034
9.8 -5.59949
9.81 -5.5781
9.82 -5.55617
9.83 -5.53371
9.84 -5.51071
9.85 -5.48719
9.86 -5.46313
9.87 -5.43855
9.88 -5.41344
9.89 -5.38781
9.9 -5.36166
9.91 -5.335
9.92 -5.30782
9.93 -5.28012
9.94 -5.25192
9.95 -5.22321
9.96 -5.19399
9.97 -5.16427
9.98 -5.13406
9.99 -5.10334
10 -5.07213
10.01 -5.04043
10.02 -5.00824
10.03 -4.97556
10.04 -4.94241
10.05 -4.90877
10.06 -4.87465
10.07 -4.84006
10.08 -4.805
10.09 -4.76948
10.1 -4.73349
10.11 -4.69703
10.12 -4.66013
10.13 -4.62276
10.14 -4.58495
10.15 -4.54668
10.16 -4.50797
10.17 -4.46883
10.18 -4.42924
10.19 -4.38922
10.2 -4.34877
10.21 -4.3079
10.22 -4.2666
10.23 -4.22488
10.24 -4.18275
10.25 -4.1402
10.26 -4.09725
10.27 -4.05389
10.28 -4.01013
10.29 -3.96598
10.3 -3.92143
10.31 -3.8765
10.32 -3.83118
10.33 -3.78548
10.34 -3.7394
10.35 -3.69296
10.36 -3.64614
10.37 -3.59896
10.38 -3.55142
10.39 -3.50353
10.4 -3.45529
10.41 -3.40669
10.42 -3.35776
10.43 -3.30849
10.44 -3.25888
10.45 -3.20895
10.46 -3.15869
10.47 -3.10811
10.48 -3.05721
10.49 -3.006
10.5 -2.95449
10.51 -2.90267
10.52 -2.85056
10.53 -2.79815
10.54 -2.74546
10.55 -2.69248
10.56 -2.63922
10.57 -2.58569
10.58 -2.53189
10.59 -2.47782
10.6 -2.42349
10.61 -2.36891
10.62 -2.31408
10.63 -2.259
10.64 -2.20369
10.65 -2.14813
10.66 -2.09235
10.67 -2.03634
10.68 -1.98011
10.69 -1.92366
10.7 -1.86701
10.71 -1.81014
10.72 -1.75308
10.73 -1.69582
10.74 -1.63837
10.75 -1.58073
10.76 -1.52292
10.77 -1.46492
10.78 -1.40676
10.79 -1.34843
10.8 -1.28994
10.81 -1.2313
10.82 -1.17251
10.83 -1.11357
10.84 -1.05449
10.85 -0.995275
10.86 -0.935933
10.87 -0.876467
10.88 -0.816882
10.89 -0.757183
10.9 -0.697376
10.91 -0.637466
10.92 -0.577457
10.93 -0.517356
10.94 -0.457168
10.95 -0.396897
10.96 -0.336549
10.97 -0.276129
10.98 -0.215643
10.99 -0.155096
11 -0.0944925
11.01 -0.0338385
11.02 0.026861
11.03 0.0876006
11.04 0.148375
11.05 0.209179
11.06 0.270008
11.07 0.330856
11.08 0.391717
11.09 0.452587
11.1 0.513461
11.11 0.574332
11.12 0.635196
11.13 0.696048
11.14 0.756882
11.15 0.817694
11.16 0.878477
11.17 0.939227
11.18 0.999938
11.19 1.06061
11.2 1.12122
11.21 1.18179
11.22 1.24229
11.23 1.30273
11.24 1.36311
11.25 1.4234
11.26 1.48362
11.27 1.54375
11.28 1.60379
11.29 1.66373
11.3 1.72358
11.31 1.78332
11.32 1.84295
11.33 1.90246
11.34 1.96185
11.35 2.02112
11.36 2.08026
11.37 2.13926
11.38 2.19812
11.39 2.25683
11.4 2.3154
11.41 2.37381
11.42 2.43205
11.43 2.49014
11.44 2.54805
11.45 2.60579
11.46 2.66335
11.47 2.72072
11.48 2.7779
11.49 2.8349
11.5 2.89169
11.51 2.94827
11.52 3.00465
11.53 3.06082
11.54 3.11677
11.55 3.1725
11.56 3.228
11.57 3.28327
11.58 3.3383
11.59 3.39309
11.6 3.44764
11.61 3.50194
11.62 3.55599
11.63 3.60977
11.64 3.6633
11.65 3.71655
11.66 3.76954
11.67 3.82225
11.68 3.87468
11.69 3.92683
11.7 3.97869
11.71 4.03026
11.72 4.08153
11.73 4.1325
11.74 4.18316
11.75 4.23352
11.76 4.28356
11.77 4.33329
11.78 4.3827
11.79 4.43178
11.8 4.48053
11.81 4.52895
11.82 4.57704
11.83 4.62479
11.84 4.67219
11.85 4.71924
11.86 4.76595
11.87 4.8123
11.88 4.85829
11.89 4.90392
11.9 4.94919
11.91 4.99408
11.92 5.03861
11.93 5.08276
11.94 5.12653
11.95 5.16992
11.96 5.21292
11.97 5.25554
11.98 5.29776
11.99 5.33959
12 5.38102
12.01 5.42205
12.02 5.46268
12.03 5.5029
12.04 5.54271
12.05 5.5821
12.06 5.62109
12.07 5.65965
12.08 5.69779
12.09 5.73551
12.1 5.7728
12.11 5.80966
12.12 5.84609
12.13 5.88208
12.14 5.91764
12.15 5.95276
12.16 5.98744
12.17 6.02167
12.18 6.05546
12.19 6.08879
12.2 6.12168
12.21 6.15411
12.22 6.18609
12.23 6.21761
12.24 6.24867
12.25 6.27927
12.26 6.30941
12.27 6.33908
12.28 6.36829
12.29 6.39702
12.3 6.42529
12.31 6.45308
12.32 6.4804
12.33 6.50724
12.34 6.53361
12.35 6.55949
12.36 6.5849
12.37 6.60982
12.38 6.63426
12.39 6.65822
12.4 6.68169
12.41 6.70468
12.42 6.72717
12.43 6.74918
12.44 6.7707
12.45 6.79173
12.46 6.81226
12.47 6.8323
12.48 6.85185
12.49 6.8709
12.5 6.88945
12.51 6.90751
12.52 6.92508
12.53 6.94214
12.54 6.95871
12.55 6.97477
12.56 6.99034
12.57 7.00541
12.58 7.01998
12.59 7.03405
12.6 7.04761
12.61 7.06068
12.62 7.07325
12.63 7.08531
12.64 7.09687
12.65 7.10793
12.66 7.11849
12.67 7.12855
12.68 7.13811
12.69 7.14716
12.7 7.15572
12.71 7.16377
12.72 7.17133
12.73 7.17838
12.74 7.18494
12.75 7.19099
12.76 7.19655
12.77 7.20161
12.78 7.20617
12.79 7.21024
12.8 7.21381
12.81 7.21689
12.82 7.21947
12.83 7.22155
12.84 7.22315
12.85 7.22425
12.86 7.22486
12.87 7.22498
12.88 7.22462
12.89 7.22377
12.9 7.22243
12.91 7.2206
12.92 7.21829
12.93 7.2155
12.94 7.21223
12.95 7.20848
12.96 7.20426
12.97 7.19955
12.98 7.19437
12.99 7.18872
13 7.18259
13.01 7.176
13.02 7.16894
13.03 7.16141
13.04 7.15342
13.05 7.14496
13.06 7.13604
13.07 7.12667
13.08 7.11684
13.09 7.10655
13.1 7.09581
13.11 7.08463
13.12 7.07299
13.13 7.06091
13.14 7.04838
13.15 7.03541
13.16 7.02201
13.17 7.00816
13.18 6.99389
13.19 6.97918
13.2 6.96404
13.21 6.94848
13.22 6.93249
13.23 6.91609
13.24 6.89926
13.25 6.88202
13.26 6.86437
13.27 6.8463
13.28 6.82783
13.29 6.80895
13.3 6.78968
13.31 6.77
13.32 6.74993
13.33 6.72947
13.34 6.70862
13.35 6.68738
13.36 6.66576
13.37 6.64376
13.38 6.62138
13.39 6.59863
13.4 6.57552
13.41 6.55203
13.42 6.52818
13.43 6.50397
13.44 6.47941
13.45 6.45449
13.46 6.42922
13.47 6.40361
13.48 6.37766
13.49 6.35136
13.5 6.32474
13.51 6.29778
13.52 6.27049
13.53 6.24288
13.54 6.21495
13.55 6.1867
13.56 6.15814
13.57 6.12928
13.58 6.1001
13.59 6.07063
13.6 6.04086
13.61 6.0108
13.62 5.98045
13.63 5.94981
13.64 5.91889
13.65 5.8877
13.66 5.85623
13.67 5.82449
13.68 5.79249
13.69 5.76023
13.7 5.72772
13.71 5.69495
13.72 5.66193
13.73 5.62867
13.74 5.59517
13.75 5.56144
13.76 5.52747
13.77 5.49328
13.78 5.45887
13.79 5.42424
13.8 5.38939
13.81 5.35434
13.82 5.31908
13.83 5.28363
13.84 5.24797
13.85 5.21213
13.86 5.1761
13.87 5.13989
13.88 5.1035
13.89 5.06694
13.9 5.03021
13.91 4.99331
13.92 4.95626
13.93 4.91905
13.94 4.88169
13.95 4.84419
13.96 4.80654
13.97 4.76876
13.98 4.73085
13.99 4.69281
14 4.65465
14.01 4.61637
14.02 4.57797
14.03 4.53947
14.04 4.50087
14.05 4.46216
14.06 4.42337
14.07 4.38448
14.08 4.34551
14.09 4.30645
14.1 4.26733
14.11 4.22813
14.12 4.18886
14.13 4.14954
14.14 4.11016
14.15 4.07072
14.16 4.03124
14.17 3.99172
14.18 3.95216
14.19 3.91257
14.2 3.87295
14.21 3.8333
14.22 3.79364
14.23 3.75397
14.24 3.71428
14.25 3.67459
14.26 3.6349
14.27 3.59522
14.28 3.55554
14.29 3.51588
14.3 3.47624
14.31 3.43662
14.32 3.39704
14.33 3.35748
14.34 3.31796
14.35 3.27849
14.36 3.23906
14.37 3.19969
14.38 3.16037
14.39 3.12111
14.4 3.08192
14.41 3.0428
14.42 3.00375
14.43 2.96478
14.44 2.9259
14.45 2.8871
14.46 2.8484
14.47 2.8098
14.48 2.7713
14.49 2.7329
14.5 2.69462
14.51 2.65645
14.52 2.61841
14.53 2.58048
14.54 2.54269
14.55 2.50503
14.56 2.46751
14.57 2.43013
14.58 2.3929
14.59 2.35581
14.6 2.31889
14.61 2.28212
14.62 2.24551
14.63 2.20908
14.64 2.17281
14.65 2.13673
14.66 2.10082
14.67 2.0651
14.68 2.02956
14.69 1.99422
14.7 1.95908
14.71 1.92414
14.72 1.8894
14.73 1.85487
14.74 1.82056
14.75 1.78646
14.76 1.75258
14.77 1.71893
14.78 1.68551
14.79 1.65232
14.8 1.61936
14.81 1.58665
14.82 1.55418
14.83 1.52196
14.84 1.48999
14.85 1.45827
14.86 1.42681
14.87 1.39562
14.88 1.36469
14.89 1.33403
14.9 1.30365
14.91 1.27354
14.92 1.24371
14.93 1.21416
14.94 1.18491
14.95 1.15594
14.96 1.12726
14.97 1.09888
14.98 1.0708
14.99 1.04303
15 1.01556
15.01 0.988401
15.02 0.961554
15.03 0.935022
15.04 0.90881
15.05 0.882919
15.06 0.857352
15.07 0.832114
15.08 0.807205
15.09 0.78263
15.1 0.758391
15.11 0.734491
15.12 0.710933
15.13 0.687718
15.14 0.664851
15.15 0.642333
15.16 0.620167
15.17 0.598356
15.18 0.576902
15.19 0.555807
15.2 0.535074
15.21 0.514706
15.22 0.494704
15.23 0.475071
15.24 0.455809
15.25 0.43692
15.26 0.418407
15.27 0.400271
15.28 0.382515
15.29 0.36514
15.3 0.348149
15.31 0.331544
15.32 0.315326
15.33 0.299497
15.34 0.28406
15.35 0.269015
15.36 0.254364
15.37 0.24011
15.38 0.226253
15.39 0.212796
15.4 0.19974
15.41 0.187086
15.42 0.174836
15.43 0.162991
15.44 0.151553
15.45 0.140522
15.46 0.129901
15.47 0.11969
15.48 0.10989
15.49 0.100503
15.5 0.091529
15.51 0.08297
15.52 0.0748267
15.53 0.0670998
15.54 0.0597903
15.55 0.0528991
15.56 0.0464269
15.57 0.0403744
15.58 0.0347423
15.59 0.0295313
15.6 0.0247419
15.61 0.0203747
15.62 0.0164303
15.63 0.0129089
15.64 0.00981111
15.65 0.00713719
15.66 0.00488745
15.67 0.00306215
15.68 0.00166151
15.69 0.000685672
15.7 0.000134753
15.71 8.81509e-06
15.72 0.000307872
15.73 0.00103189
15.74 0.00218079
15.75 0.00375443
15.76 0.00575265
15.77 0.00817521
15.78 0.0110218
15.79 0.0142922
15.8 0.017986
15.81 0.0221027
15.82 0.0266419
15.83 0.0316031
15.84 0.0369857
15.85 0.0427891
15.86 0.0490127
15.87 0.0556557
15.88 0.0627174
15.89 0.070197
15.9 0.0780936
15.91 0.0864064
15.92 0.0951344
15.93 0.104277
15.94 0.113832
15.95 0.1238
15.96 0.134178
15.97 0.144966
15.98 0.156163
15.99 0.167767
16 0.179777
16.01 0.192192
16.02 0.20501
16.03 0.21823
16.04 0.23185
16.05 0.245868
16.06 0.260284
16.07 0.275096
16.08 0.290301
16.09 0.305898
16.1 0.321886
16.11 0.338262
16.12 0.355024
16.13 0.372172
16.14 0.389702
16.15 0.407613
16.16 0.425903
16.17 0.444569
16.18 0.46361
16.19 0.483023
16.2 0.502807
16.21 0.522959
16.22 0.543476
16.23 0.564356
16.24 0.585598
16.25 0.607198
16.26 0.629154
16.27 0.651463
16.28 0.674124
16.29 0.697133
16.3 0.720488
16.31 0.744186
16.32 0.768224
16.33 0.7926
16.34 0.817312
16.35 0.842355
16.36 0.867727
16.37 0.893426
16.38 0.919449
16.39 0.945792
16.4 0.972452
16.41 0.999427
16.42 1.02671
16.43 1.05431
16.44 1.08221
16.45 1.11041
16.46 1.13891
16.47 1.1677
16.48 1.19679
16.49 1.22617
16.5 1.25583
16.51 1.28577
16.52 1.31599
16.53 1.34649
16.54 1.37726
16.55 1.4083
16.56 1.4396
16.57 1.47116
16.58 1.50298
16.59 1.53505
16.6 1.56738
16.61 1.59994
16.62 1.63276
16.63 1.66581
16.64 1.69909
16.65 1.73261
16.66 1.76635
16.67 1.80032
16.68 1.83451
16.69 1.86891
16.7 1.90352
16.71 1.93834
16.72 1.97337
16.73 2.00859
16.74 2.04401
16.75 2.07962
16.76 2.11542
16.77 2.1514
16.78 2.18756
16.79 2.2239
16.8 2.2604
16.81 2.29708
16.82 2.33391
16.83 2.3709
16.84 2.40804
16.85 2.44534
16.86 2.48278
16.87 2.52036
16.88 2.55807
16.89 2.59592
16.9 2.63389
16.91 2.67199
16.92 2.7102
16.93 2.74853
16.94 2.78697
16.95 2.82551
16.96 2.86416
16.97 2.9029
16.98 2.94173
16.99 2.98064
17 3.01964
17.01 3.05872
17.02 3.09787
17.03 3.13709
17.04 3.17638
17.05 3.21572
17.06 3.25512
17.07 3.29456
17.08 3.33406
17.09 3.37359
17.1 3.41316
17.11 3.45276
17.12 3.49239
17.13 3.53204
17.14 3.5717
17.15 3.61138
17.16 3.65107
17.17 3.69076
17.18 3.73045
17.19 3.77013
17.2 3.8098
17.21 3.84946
17.22 3.88909
17.23 3.9287
17.24 3.96828
17.25 4.00783
17.26 4.04733
17.27 4.08679
17.28 4.12621
17.29 4.16557
17.3 4.20487
17.31 4.2441
17.32 4.28327
17.33 4.32237
17.34 4.36139
17.35 4.40033
17.36 4.43918
17.37 4.47794
17.38 4.51661
17.39 4.55517
17.4 4.59363
17.41 4.63197
17.42 4.67021
17.43 4.70832
17.44 4.74631
17.45 4.78417
17.46 4.82189
17.47 4.85948
17.48 4.89693
17.49 4.93423
17.5 4.97137
17.51 5.00836
17.52 5.04519
17.53 5.08185
17.54 5.11834
17.55 5.15466
17.56 5.1908
17.57 5.22676
17.58 5.26252
17.59 5.29809
17.6 5.33347
17.61 5.36864
17.62 5.40361
17.63 5.43837
17.64 5.47291
17.65 5.50724
17.66 5.54134
17.67 5.57521
17.68 5.60885
17.69 5.64225
17.7 5.67541
17.71 5.70833
17.72 5.74099
17.73 5.7734
17.74 5.80556
17.75 5.83745
17.76 5.86908
17.77 5.90044
17.78 5.93152
17.79 5.96232
17.8 5.99284
17.81 6.02308
17.82 6.05302
17.83 6.08267
17.84 6.11202
17.85 6.14107
17.86 6.16981
17.87 6.19825
17.88 6.22636
17.89 6.25417
17.9 6.28164
17.91 6.3088
17.92 6.33562
17.93 6.36211
17.94 6.38827
17.95 6.41409
17.96 6.43956
17.97 6.46468
17.98 6.48946
17.99 6.51388
18 6.53794
18.01 6.56164
18.02 6.58498
18.03 6.60795
18.04 6.63054
18.05 6.65277
18.06 6.67461
18.07 6.69608
18.08 6.71716
18.09 6.73785
18.1 6.75816
18.11 6.77806
18.12 6.79758
18.13 6.81669
18.14 6.8354
18.15 6.85371
18.16 6.87161
18.17 6.88909
18.18 6.90617
18.19 6.92282
18.2 6.93906
18.21 6.95487
18.22 6.97026
18.23 6.98522
18.24 6.99976
18.25 7.01386
18.26 7.02752
18.27 7.04075
18.28 7.05354
18.29 7.06588
18.3 7.07778
18.31 7.08924
18.32 7.10024
18.33 7.1108
18.34 7.1209
18.35 7.13054
18.36 7.13973
18.37 7.14846
18.38 7.15673
18.39 7.16453
18.4 7.17187
18.41 7.17874
18.42 7.18515
18.43 7.19108
18.44 7.19654
18.45 7.20152
18.46 7.20604
18.47 7.21007
18.48 7.21362
18.49 7.2167
18.5 7.21929
18.51 7.2214
18.52 7.22303
18.53 7.22417
18.54 7.22483
18.55 7.22499
18.56 7.22467
18.57 7.22386
18.58 7.22256
18.59 7.22076
18.6 7.21847
18.61 7.21569
18.62 7.21242
18.63 7.20864
18.64 7.20438
18.65 7.19961
18.66 7.19435
18.67 7.18859
18.68 7.18233
18.69 7.17557
18.7 7.16831
18.71 7.16055
18.72 7.15229
18.73 7.14354
18.74 7.13428
18.75 7.12451
18.76 7.11425
18.77 7.10349
18.78 7.09222
18.79 7.08046
18.8 7.06819
18.81 7.05542
18.82 7.04215
18.83 7.02838
18.84 7.01411
18.85 6.99933
18.86 6.98406
18.87 6.96829
18.88 6.95202
18.89 6.93525
18.9 6.91798
18.91 6.90022
18.92 6.88195
18.93 6.8632
18.94 6.84394
18.95 6.8242
18.96 6.80395
18.97 6.78322
18.98 6.76199
18.99 6.74028
19 6.71807
19.01 6.69537
19.02 6.67219
19.03 6.64852
19.04 6.62437
19.05 6.59973
19.06 6.57461
19.07 6.54901
19.08 6.52292
19.09 6.49636
19.1 6.46933
19.11 6.44182
19.12 6.41383
19.13 6.38537
19.14 6.35645
19.15 6.32705
19.16 6.29719
19.17 6.26687
19.18 6.23608
19.19 6.20483
19.2 6.17312
19.21 6.14096
19.22 6.10834
19.23 6.07527
19.24 6.04175
19.25 6.00778
19.26 5.97336
19.27 5.93851
19.28 5.90321
19.29 5.86747
19.3 5.8313
19.31 5.7947
19.32 5.75766
19.33 5.72019
19.34 5.6823
19.35 5.64399
19.36 5.60526
19.37 5.56611
19.38 5.52654
19.39 5.48657
19.4 5.44618
19.41 5.40539
19.42 5.36419
19.43 5.3226
19.44 5.28061
19.45 5.23823
19.46 5.19545
19.47 5.15229
19.48 5.10875
19.49 5.06482
19.5 5.02052
19.51 4.97584
19.52 4.93079
19.53 4.88538
19.54 4.8396
19.55 4.79346
19.56 4.74697
19.57 4.70012
19.58 4.65292
19.59 4.60538
19.6 4.55749
19.61 4.50927
19.62 4.46071
19.63 4.41182
19.64 4.36261
19.65 4.31307
19.66 4.26322
19.67 4.21304
19.68 4.16256
19.69 4.11177
19.7 4.06068
19.71 4.00929
19.72 3.9576
19.73 3.90562
19.74 3.85336
19.75 3.80081
19.76 3.74799
19.77 3.69489
19.78 3.64153
19.79 3.58789
19.8 3.534
19.81 3.47985
19.82 3.42545
19.83 3.3708
19.84 3.31591
19.85 3.26078
19.86 3.20542
19.87 3.14982
19.88 3.09401
19.89 3.03797
19.9 2.98171
19.91 2.92525
19.92 2.86858
19.93 2.8117
19.94 2.75463
19.95 2.69737
19.96 2.63992
19.97 2.58229
19.98 2.52448
19.99 2.4665
