5
79
94
49
28
71
37
18
56
55
70
55
98
60
52
46
28
51
45
7
57
38
98
60
10
65
31
67
50
80
25
25
37
22
48
5
19
31
69
39
14
29
94
13
86
42
82
73
44
63
4
23
59
71
74
28
20
68
46
17
50
84
48
79
42
66
53
4
51
51
49
48
19
49
46
96
92
6
95
10
54
93
14
31
17
2
69
65
14
0
36
6
44
86
70
79
4
25
84
75
44
44
64
21
21
29
77
10
80
98
91
41
35
90
19
35
76
9
68
56
26
95
12
8
56
19
28
76
80
72
100
70
21
78
92
23
10
27
10
94
76
82
63
84
54
92
72
89
42
40
8
26
75
69
49
5
95
99
18
44
57
58
88
16
4
24
60
27
63
60
89
7
99
94
35
83
0
2
31
79
41
71
58
2
71
21
43
96
50
78
31
51
92
54
91
31
19
69
64
82
24
27
24
58
46
46
5
97
47
72
71
19
8
90
38
21
44
33
75
32
50
28
77
54
12
8
9
68
62
15
45
14
96
59
72
67
38
5
62
59
15
21
35
28
85
23
10
21
62
30
3
11
74
95
37
29
18
54
55
0
55
100
52
56
95
54
81
85
87
14
15
96
94
34
78
3
100
86
75
51
75
6
94
70
54
66
91
40
94
65
17
64
6
44
80
65
39
75
16
61
79
68
21
44
36
18
81
99
27
78
49
94
26
61
99
17
49
85
0
47
47
32
6
91
76
75
68
48
90
52
64
73
53
75
36
48
13
19
8
28
73
56
69
41
11
90
7
97
75
56
27
99
7
1
72
68
80
53
28
49
21
78
82
34
59
17
14
65
10
76
17
92
30
51
80
42
62
46
36
35
48
33
60
91
5
8
98
31
2
99
76
29
30
37
88
18
63
69
73
17
55
54
95
29
15
40
80
78
4
5
43
83
9
95
21
43
0
47
12
96
31
57
41
9
61
25
18
1
28
20
99
78
46
3
88
66
13
29
61
61
59
38
81
96
6
40
87
40
41
60
94
91
24
89
41
19
32
85
75
3
48
11
55
25
5
14
95
99
67
75
41
99
84
82
16
30
26
47
21
36
21
50
39
19
21
7
22
22
86
4
27
67
81
53
56
67
64
36
78
17
37
30
53
40
84
1
0
52
31
5
23
70
2
20
70
84
72
72
84
39
82
7
17
57
74
31
11
80
29
30
92
66
63
76
35
97
72
71
4
94
47
50
98
94
90
40
1
81
59
56
16
34
24
45
18
2
81
71
28
78
94
46
59
48
72
31
59
3
10
34
12
63
69
40
60
65
35
89
4
84
12
93
1
74
77
5
27
32
71
8
28
16
7
11
23
65
92
27
37
10
83
13
54
72
70
51
48
97
66
37
0
5
86
25
71
18
45
42
34
26
21
16
48
59
46
90
75
81
23
84
45
53
39
22
23
1
76
42
44
27
39
32
36
68
72
37
91
94
72
92
86
60
69
43
49
19
78
35
58
14
85
79
79
51
38
88
91
52
51
84
68
63
83
74
5
48
8
61
46
80
35
46
37
54
12
69
85
64
100
44
40
19
90
81
91
99
6
88
20
50
20
38
61
15
32
26
89
60
6
38
0
26
21
54
47
70
67
79
86
49
28
11
28
19
50
87
20
72
35
52
9
100
25
78
13
77
31
54
78
87
14
24
100
24
88
36
61
42
38
71
77
20
36
11
19
46
77
88
18
44
2
77
44
31
64
47
93
93
45
50
8
84
31
88
91
61
98
5
32
0
22
22
34
10
40
15
46
14
64
96
15
77
7
70
63
21
72
43
79
99
59
49
93
57
9
46
95
7
3
70
5
42
38
78
98
30
78
68
35
49
41
44
92
3
61
29
1
28
92
72
43
30
87
99
72
85
100
15
36
81
67
10
90
15
96
31
99
100
23
70
76
80
56
46
38
71
22
35
99
69
42
58
91
33
22
47
66
97
3
69
54
32
2
5
16
72
59
15
53
22
9
78
81
46
68
8
24
25
48
80
10
83
50
29
71
40
10
32
97
19
30
53
90
20
76
45
52
76
49
52
71
98
37
91
94
22
98
69
26
70
1
56
15
73
60
99
41
75
23
73
15
96
89
62
23
63
54
78
26
98
29
70
10
11
37
83
64
80
62
24
38
60
71
6
67
47
71
22
61
4
88
56
69
82
43
55
10
2
10
31
36
45
53
29
77
77
31
94
87
42
0
87
54
36
43
93
33
91
44
2
22
63
44
1
90
9
64
1
42
42
62
