-2.3012 -262 552.022 552.022
-2.2971 -108.63 557.163 557.163
-2.2931 -191.16 563.008 563.008
-2.289 -367.77 571.788 571.788
-2.2849 -138.49 583.583 583.583
-2.2809 -29.566 595.57 595.57
-2.2768 53.7569 603.657 603.657
-2.2727 -328.08 605.181 605.181
-2.2687 186.141 600.808 600.808
-2.2646 -157.6 594.771 594.771
-2.2605 -340.02 593.008 593.008
-2.2564 -293.29 599.474 599.474
-2.2524 18.3998 613.098 613.098
-2.2483 2.15904 628.423 628.423
-2.2442 91.0316 639.693 639.693
-2.2402 -91.012 644.745 644.745
-2.2361 79.6535 645.819 645.819
-2.232 -174.23 647.51 647.51
-2.228 15.8911 653.802 653.802
-2.2239 -143.44 665.949 665.949
-2.2198 114.142 682.234 682.234
-2.2157 252.973 699.518 699.518
-2.2117 -49.892 715.053 715.053
-2.2076 157.464 727.242 727.242
-2.2035 286.465 735.743 735.743
-2.1995 287.717 741.746 741.746
-2.1954 -94.057 747.525 747.525
-2.1913 165.269 754.441 754.441
-2.1873 378.212 761.262 761.262
-2.1832 226.026 765.381 765.381
-2.1791 301.979 766.061 766.061
-2.1751 134.594 766.159 766.159
-2.171 107.138 770.654 770.654
-2.1669 196.905 784.032 784.032
-2.1628 315.4 809.496 809.496
-2.1588 250.668 849.963 849.963
-2.1547 527.444 907.372 907.372
-2.1506 240.744 977.651 977.651
-2.1466 456.068 1045.24 1045.24
-2.1425 2037.74 1086.05 1086.05
-2.1384 1384.95 1081.53 1081.53
-2.1344 751.336 1032.76 1032.76
-2.1303 187.014 960.441 960.441
-2.1262 289.016 890.766 890.766
-2.1222 343.687 840.967 840.967
-2.1181 168.209 815.28 815.28
-2.114 150.372 809.677 809.677
-2.1099 492.277 817.863 817.863
-2.1059 160.772 834.448 834.448
-2.1018 471.144 855.756 855.756
-2.0977 377.437 879.936 879.936
-2.0937 690.806 906.84 906.84
-2.0896 325.302 936.73 936.73
-2.0855 440.331 967.688 967.688
-2.0815 987.506 994.309 994.309
-2.0774 917.665 1010.23 1010.23
-2.0733 735.761 1012.54 1012.54
-2.0693 579.471 1003.17 1003.17
-2.0652 629.248 986.131 986.131
-2.0611 877.375 964.433 964.433
-2.057 397.9 940.024 940.024
-2.053 520.43 915.61 915.61
-2.0489 520.994 895.704 895.704
-2.0448 335.214 885.791 885.791
-2.0408 227.759 889.997 889.997
-2.0367 434.579 908.696 908.696
-2.0326 631.492 938.025 938.025
-2.0286 747.53 971.864 971.864
-2.0245 494.419 1004.26 1004.26
-2.0204 900.244 1030.43 1030.43
-2.0164 953.226 1046.98 1046.98
-2.0123 781.62 1052.51 1052.51
-2.0082 858.187 1047.89 1047.89
-2.0041 627.885 1035.38 1035.38
-2.0001 893.179 1017.53 1017.53
-1.996 728.717 997.467 997.467
-1.9919 479.733 979.77 979.77
-1.9879 604.17 969.735 969.735
-1.9838 444.38 970.838 970.838
-1.9797 628.432 982.577 982.577
-1.9757 744.794 1000.94 1000.94
-1.9716 726.445 1021.39 1021.39
-1.9675 953.63 1041.67 1041.67
-1.9634 536.212 1061.71 1061.71
-1.9594 812.101 1080.87 1080.87
-1.9553 1053.32 1096.05 1096.05
-1.9512 1133.82 1103.65 1103.65
-1.9472 723.882 1103.65 1103.65
-1.9431 1010.67 1101.41 1101.41
-1.939 636.826 1105.16 1105.16
-1.935 847.021 1121.85 1121.85
-1.9309 940.993 1154.53 1154.53
-1.9268 973.203 1202.71 1202.71
-1.9228 1291.9 1264.29 1264.29
-1.9187 1197.14 1336.84 1336.84
-1.9146 1408.1 1417.27 1417.27
-1.9105 1828.33 1501.48 1501.48
-1.9065 1927.41 1585.55 1585.55
-1.9024 1988.24 1668.57 1668.57
-1.8983 2146.76 1755.21 1755.21
-1.8943 2386.29 1857.34 1857.34
-1.8902 2382.3 1994.47 1994.47
-1.8861 2527.64 2191.3 2191.3
-1.8821 3056.95 2469.91 2469.91
-1.878 3587.72 2836.04 2836.04
-1.8739 4539.15 3265.78 3265.78
-1.8699 6720.35 3703.79 3703.79
-1.8658 8259.1 4080.21 4080.21
-1.8617 8469.63 4338.38 4338.38
-1.8576 7970.85 4454.56 4454.56
-1.8536 8050.37 4438.84 4438.84
-1.8495 8038.84 4324.16 4324.16
-1.8454 6961.78 4155.31 4155.31
-1.8414 6167.07 3979.98 3979.98
-1.8373 5679.22 3837.87 3837.87
-1.8332 5981.87 3749.13 3749.13
-1.8292 5758.64 3709.7 3709.7
-1.8251 6263.93 3697.46 3697.46
-1.821 6317.19 3686 3686
-1.817 6407.9 3658.8 3658.8
-1.8129 5824.02 3616.72 3616.72
-1.8088 5639.54 3575.55 3575.55
-1.8047 5451.97 3556.23 3556.23
-1.8007 5496.59 3574.6 3574.6
-1.7966 5846.9 3636.35 3636.35
-1.7925 6016.21 3736.93 3736.93
-1.7885 6160.08 3863.35 3863.35
-1.7844 6468.65 3998.2 3998.2
-1.7803 8050.41 4129.53 4129.53
-1.7763 7055.67 4264.8 4264.8
-1.7722 6879.58 4437.06 4437.06
-1.7681 7051.08 4692.57 4692.57
-1.7641 7881.36 5063.02 5063.02
-1.76 8859.97 5537.88 5537.88
-1.7559 11009.8 6052.38 6052.38
-1.7518 12870.2 6499.82 6499.82
-1.7478 14270.9 6767.58 6767.58
-1.7437 14934.8 6784.01 6784.01
-1.7396 12906.8 6552.03 6552.03
-1.7356 10595.9 6148.37 6148.37
-1.7315 9509.63 5688.68 5688.68
-1.7274 8104.49 5282.1 5282.1
-1.7234 7815.33 5000.9 5000.9
-1.7193 7546.74 4873.43 4873.43
-1.7152 7637.53 4892.07 4892.07
-1.7112 8417.26 5026.16 5026.16
-1.7071 9198.09 5237.21 5237.21
-1.703 9790.46 5497.68 5497.68
-1.6989 10206.5 5810.87 5810.87
-1.6949 10720.7 6221.57 6221.57
-1.6908 10655.4 6800.4 6800.4
-1.6867 11431.3 7589.09 7589.09
-1.6827 12953.7 8524.07 8524.07
-1.6786 18958.1 9397.73 9397.73
-1.6745 25887.4 9920.33 9920.33
-1.6705 25576.9 9873.87 9873.87
-1.6664 19229.1 9252.64 9252.64
-1.6623 13189.7 8276.41 8276.41
-1.6583 9765.96 7267.48 7267.48
-1.6542 9275.73 6495.74 6495.74
-1.6501 8950.48 6102.41 6102.41
-1.646 9533.74 6125.94 6125.94
-1.642 9798.43 6572.7 6572.7
-1.6379 11175.1 7462.42 7462.42
-1.6338 13118.1 8813.58 8813.58
-1.6298 16376.3 10579 10579
-1.6257 22016.5 12579.1 12579.1
-1.6216 31720.2 14500.7 14500.7
-1.6176 37274.1 15997 15997
-1.6135 39456.8 16850.4 16850.4
-1.6094 35662.4 17082.2 17082.2
-1.6054 29540 16911 16911
-1.6013 28103.6 16575.6 16575.6
-1.5972 31181.6 16153 16153
-1.5931 34446.6 15514.5 15514.5
-1.5891 33035.7 14449.7 14449.7
-1.585 29431.8 12852.5 12852.5
-1.5809 21041.8 10830.2 10830.2
-1.5769 12751.6 8668.33 8668.33
-1.5728 7943.44 6695.09 6695.09
-1.5687 5598.3 5149.18 5149.18
-1.5647 4664.29 4128.96 4128.96
-1.5606 3892.29 3627.89 3627.89
-1.5565 4045.94 3602.26 3602.26
-1.5524 4481.08 4011.29 4011.29
-1.5484 5736.59 4801.48 4801.48
-1.5443 8400.07 5849.16 5849.16
-1.5402 12674.2 6912.75 6912.75
-1.5362 18948.9 7659.66 7659.66
-1.5321 23632.9 7792.13 7792.13
-1.528 18908.2 7206.17 7206.17
-1.524 9523.5 6060.49 6060.49
-1.5199 4698.85 4688.97 4688.97
-1.5158 2638.01 3422.01 3422.01
-1.5118 1638.33 2450.25 2450.25
-1.5077 1604.15 1804.65 1804.65
-1.5036 709.011 1420.86 1420.86
-1.4995 670.805 1212.19 1212.19
-1.4955 730.546 1107.65 1107.65
-1.4914 679.187 1057.88 1057.88
-1.4873 916.479 1030.15 1030.15
-1.4833 848.148 1004.9 1004.9
-1.4792 625.08 974.364 974.364
-1.4751 512.61 940.32 940.32
-1.4711 464.693 910.138 910.138
-1.467 397.272 892.769 892.769
-1.4629 220.944 895.498 895.498
-1.4589 345.225 921.636 921.636
-1.4548 548.841 969.978 969.978
-1.4507 904.086 1036.93 1036.93
-1.4466 689.747 1119.63 1119.63
-1.4426 1052.62 1216.31 1216.31
-1.4385 1287.98 1321.87 1321.87
-1.4344 1332.96 1421.47 1421.47
-1.4304 2041.72 1488.98 1488.98
-1.4263 2626.55 1495.62 1495.62
-1.4222 2245.24 1426.5 1426.5
-1.4182 1441.48 1293.11 1293.11
-1.4141 509.612 1130.84 1130.84
-1.41 231.46 982.433 982.433
-1.406 34.4497 879.494 879.494
-1.4019 33.413 833.188 833.188
-1.3978 213.459 835.375 835.375
-1.3937 300.8 865.233 865.233
-1.3897 724.815 897.23 897.23
-1.3856 917.015 909.307 909.307
-1.3815 644.189 889.895 889.895
-1.3775 535.422 840.862 840.862
-1.3734 66.8174 774.763 774.763
-1.3693 91.9339 708.443 708.443
-1.3653 -239.07 656.872 656.872
-1.3612 -231.4 629.536 629.536
-1.3571 -215.54 629.149 629.149
-1.3531 -84.117 651.381 651.381
-1.349 -33.316 685.04 685.04
-1.3449 226.12 713.816 713.816
-1.3408 459.621 721.421 721.421
-1.3368 614.157 699.319 699.319
-1.3327 -102.69 651.758 651.758
-1.3286 -460.9 592.871 592.871
-1.3246 -311.04 537.573 537.573
-1.3205 -267.29 494.203 494.203
-1.3164 -490.38 464.033 464.033
-1.3124 -447.08 445.082 445.082
-1.3083 -559.64 434.928 434.928
-1.3042 -424.74 430.991 430.991
-1.3001 -443.09 430.309 430.309
-1.2961 -410.74 430.277 430.277
-1.292 -496.97 429.788 429.788
-1.2879 -415.22 429.567 429.567
-1.2839 -477.56 431.189 431.189
-1.2798 -557.23 435.271 435.271
-1.2757 -494.94 440.315 440.315
-1.2717 -100.57 443.68 443.68
-1.2676 -532.3 444.124 444.124
-1.2635 -520.16 443.073 443.073
-1.2595 -415.98 442.908 442.908
-1.2554 -476.06 444.063 444.063
-1.2513 -381.44 444.081 444.081
-1.2472 -327.6 439.588 439.588
-1.2432 -371.47 429.417 429.417
-1.2391 -546.15 416.163 416.163
-1.235 -548.7 404.846 404.846
-1.231 -754.47 399.838 399.838
-1.2269 -250.19 402.636 402.636
-1.2228 -777.02 411.897 411.897
-1.2188 -287.46 424.852 424.852
-1.2147 -532.88 438.556 438.556
-1.2106 -327.01 450.528 450.528
-1.2066 -367.63 459.086 459.086
-1.2025 -422.47 463.556 463.556
-1.1984 -286.93 464.408 464.408
-1.1943 -466.26 463.401 463.401
-1.1903 -277.58 463.386 463.386
-1.1862 -565.28 467.066 467.066
-1.1821 -496.09 474.998 474.998
-1.1781 -134.11 484.637 484.637
-1.174 -275.64 491.838 491.838
-1.1699 -423.85 493.656 493.656
-1.1659 -147.22 490.077 490.077
-1.1618 -433.57 483.636 483.636
-1.1577 -429.9 477.759 477.759
-1.1537 -368.41 474.974 474.974
-1.1496 -347.03 475.802 475.802
-1.1455 -456.32 478.749 478.749
-1.1414 -267.34 481.519 481.519
-1.1374 -240.38 482.992 482.992
-1.1333 -367.88 484.55 484.55
-1.1292 -563.05 489.329 489.329
-1.1252 -306.39 500.021 500.021
-1.1211 -169.61 517.701 517.701
-1.117 -324.34 542.507 542.507
-1.113 -288.16 574.084 574.084
-1.1089 -175.09 610.277 610.277
-1.1048 165.372 645.751 645.751
-1.1008 36.495 672.978 672.978
-1.0967 276.496 685.5 685.5
-1.0926 90.0966 681.286 681.286
-1.0885 172.106 664.09 664.09
-1.0845 -137.65 641.654 641.654
-1.0804 -326.05 621.223 621.223
-1.0763 -95.631 605.238 605.238
-1.0723 105.037 590.91 590.91
-1.0682 -217.1 574.088 574.088
-1.0641 -162.87 553.747 553.747
-1.0601 -276.5 533.378 533.378
-1.056 -394.79 519.031 519.031
-1.0519 -338.69 516.153 516.153
-1.0479 -475.2 526.966 526.966
-1.0438 -105.14 549.126 549.126
-1.0397 -308.45 575.983 575.983
-1.0356 64.0355 598.67 598.67
-1.0316 83.0313 609.714 609.714
-1.0275 29.9647 606.634 606.634
-1.0234 -231.78 593.154 593.154
-1.0194 -113.5 576.791 576.791
-1.0153 -459.98 564.338 564.338
-1.0112 -47.421 558.378 558.378
-1.0072 -351.76 557.007 557.007
-1.0031 -8.5083 556.472 556.472
-0.999 -231.41 554.485 554.485
-0.995 -184.87 551.665 551.665
-0.9909 -389.7 550.152 550.152
-0.9868 -160.78 550.928 550.928
-0.9827 -201.71 552.673 552.673
-0.9787 -156.43 553.388 553.388
-0.9746 -52.487 552.894 552.894
-0.9705 -487.31 553.113 553.113
-0.9665 -212.85 555.488 555.488
-0.9624 -159.83 558.688 558.688
-0.9583 -50.631 559.783 559.783
-0.9543 -38.417 557.765 557.765
-0.9502 -557.96 554.998 554.998
-0.9461 -181.04 554.737 554.737
-0.942 -106.28 557.809 557.809
-0.938 -201.65 562.055 562.055
-0.9339 -202.97 564.326 564.326
-0.9298 -134.61 562.676 562.676
-0.9258 -112 557.568 557.568
-0.9217 -212.23 551.795 551.795
-0.9176 -404.8 548.551 548.551
-0.9136 -337.46 548.507 548.507
-0.9095 -1.7988 549.089 549.089
-0.9054 -31.463 547.687 547.687
-0.9014 -351.3 545.643 545.643
-0.8973 -486.87 548.208 548.208
-0.8932 -129.07 560.244 560.244
-0.8891 -203.55 581.965 581.965
-0.8851 -184.33 608.107 608.107
-0.881 24.402 630.662 630.662
-0.8769 347.162 643.692 643.692
-0.8729 -65.581 647.881 647.881
-0.8688 -203.35 651.962 651.962
-0.8647 -122.99 670.039 670.039
-0.8607 18.7319 716.212 716.212
-0.8566 -17.043 797.145 797.145
-0.8525 -66.291 903.157 903.157
-0.8485 524.178 1004.27 1004.27
-0.8444 2738.37 1061.22 1061.22
-0.8403 1301.2 1049.49 1049.49
-0.8362 342.817 976.795 976.795
-0.8322 44.0144 876.754 876.754
-0.8281 -34.917 785.465 785.465
-0.824 85.2946 722.802 722.802
-0.82 15.8604 690.382 690.382
-0.8159 -230.33 680.074 680.074
-0.8118 290.938 682.202 682.202
-0.8078 -30.138 689.259 689.259
-0.8037 150.144 696.249 696.249
-0.7996 -4.8626 699.503 699.503
-0.7956 114.696 695.943 695.943
-0.7915 428.73 684.463 684.463
-0.7874 -132.86 668.284 668.284
-0.7833 -196.93 654.646 654.646
-0.7793 -68.6 650.478 650.478
-0.7752 -206.38 657.558 657.558
-0.7711 280.567 671.694 671.694
-0.7671 -9.9762 686.451 686.451
-0.763 189.339 697.89 697.89
-0.7589 150.964 706.546 706.546
-0.7549 -113.39 715.632 715.632
-0.7508 186.521 727.543 727.543
-0.7467 121.503 742.023 742.023
-0.7427 409.657 757.662 757.662
-0.7386 83.5411 774.832 774.832
-0.7345 330.305 796.454 796.454
-0.7304 7.15486 825.231 825.231
-0.7264 532.345 859.982 859.982
-0.7223 523.735 894.829 894.829
-0.7182 685.442 922.045 922.045
-0.7142 598.446 935.897 935.897
-0.7101 689.758 934.632 934.632
-0.706 530.579 920.209 920.209
-0.702 466.835 897.327 897.327
-0.6979 622.565 872.801 872.801
-0.6938 -0.9224 854.735 854.735
-0.6898 454.955 850.557 850.557
-0.6857 199.543 864.149 864.149
-0.6816 334.838 893.679 893.679
-0.6775 597.331 932.006 932.006
-0.6735 810.87 970.366 970.366
-0.6694 805.144 1003.52 1003.52
-0.6653 698.798 1032.51 1032.51
-0.6613 616.915 1062.48 1062.48
-0.6572 809.096 1097.69 1097.69
-0.6531 1097.69 1138.73 1138.73
-0.6491 1007.93 1184.21 1184.21
-0.645 1148.09 1234.84 1234.84
-0.6409 1259.17 1295.86 1295.86
-0.6369 1158 1375.23 1375.23
-0.6328 1497.46 1477.77 1477.77
-0.6287 1491.44 1597.97 1597.97
-0.6246 2438.56 1716.78 1716.78
-0.6206 2738.41 1806.8 1806.8
-0.6165 3021.15 1844.43 1844.43
-0.6124 2650.44 1821.17 1821.17
-0.6084 2219.21 1746.24 1746.24
-0.6043 1902.63 1639.96 1639.96
-0.6002 1728.19 1524.42 1524.42
-0.5962 1415.41 1417.8 1417.8
-0.5921 1123.85 1333.04 1333.04
-0.588 978.624 1278 1278
-0.5839 1056.59 1255.4 1255.4
-0.5799 1101.19 1263.2 1263.2
-0.5758 1151.95 1296.08 1296.08
-0.5717 1384.05 1347.18 1347.18
-0.5677 1343.27 1409.12 1409.12
-0.5636 1798.67 1474.93 1474.93
-0.5595 1840 1539.25 1539.25
-0.5555 1860.28 1599.3 1599.3
-0.5514 1908.67 1654.7 1654.7
-0.5473 2169.04 1707.82 1707.82
-0.5433 2506.52 1765.71 1765.71
-0.5392 1958.59 1840.94 1840.94
-0.5351 2079.07 1946.34 1946.34
-0.531 2604.66 2083.79 2083.79
-0.527 3132.31 2235.22 2235.22
-0.5229 3928.59 2364.42 2364.42
-0.5188 4333.91 2430.74 2430.74
-0.5148 4197.68 2407.24 2407.24
-0.5107 3908.6 2293.43 2293.43
-0.5066 2888.66 2115.32 2115.32
-0.5026 2102.52 1913.5 1913.5
-0.4985 1805.94 1726.48 1726.48
-0.4944 1670.32 1579.2 1579.2
-0.4904 1298.87 1480.77 1480.77
-0.4863 1315.3 1428.36 1428.36
-0.4822 1361.28 1412.19 1412.19
-0.4781 1616.53 1419.81 1419.81
-0.4741 1492.08 1440.05 1440.05
-0.47 1712.59 1466.16 1466.16
-0.4659 1629.84 1496.63 1496.63
-0.4619 1619.62 1533.24 1533.24
-0.4578 1739.44 1577.61 1577.61
-0.4537 2064.03 1628.97 1628.97
-0.4497 1904.99 1684.52 1684.52
-0.4456 2295.02 1742.28 1742.28
-0.4415 2361.51 1804.46 1804.46
-0.4375 2284.86 1878.18 1878.18
-0.4334 2331.83 1970.6 1970.6
-0.4293 2499.95 2079.23 2079.23
-0.4252 3203.14 2184.25 2184.25
-0.4212 3798.69 2251.42 2251.42
-0.4171 4094.32 2247.49 2247.49
-0.413 3659.71 2158.84 2158.84
-0.409 2773.51 1999.88 1999.88
-0.4049 1957.47 1804.55 1804.55
-0.4008 1532.7 1608.21 1608.21
-0.3968 1572.59 1433.67 1433.67
-0.3927 1100.39 1289.5 1289.5
-0.3886 942.898 1176.92 1176.92
-0.3846 646.889 1096.02 1096.02
-0.3805 499.84 1046.39 1046.39
-0.3764 649.53 1024.52 1024.52
-0.3723 696.946 1022.89 1022.89
-0.3683 845.583 1032.65 1032.65
-0.3642 816.99 1047.46 1047.46
-0.3601 652.366 1064.91 1064.91
-0.3561 842.597 1085.18 1085.18
-0.352 1036.33 1109.07 1109.07
-0.3479 833.663 1137.03 1137.03
-0.3439 962.936 1168.54 1168.54
-0.3398 999.854 1201.38 1201.38
-0.3357 1411.57 1232.24 1232.24
-0.3317 1347.52 1258.54 1258.54
-0.3276 864.949 1278.42 1278.42
-0.3235 1415.44 1287.64 1287.64
-0.3194 1488.93 1277.56 1277.56
-0.3154 1495.22 1238.55 1238.55
-0.3113 1277.3 1167.61 1167.61
-0.3072 918.607 1072.85 1072.85
-0.3032 287.949 970.318 970.318
-0.2991 266.791 875.606 875.606
-0.295 245.045 797.349 797.349
-0.291 260.457 736.934 736.934
-0.2869 -250.36 692.236 692.236
-0.2828 56.9452 660.777 660.777
-0.2787 -55.463 640.628 640.628
-0.2747 -78.44 630.294 630.294
-0.2706 -205.18 628.406 628.406
-0.2665 -22.412 633.242 633.242
-0.2625 -24.06 642.654 642.654
-0.2584 37.494 654.868 654.868
-0.2543 -4.0083 669.195 669.195
-0.2503 -82.415 685.366 685.366
-0.2462 196.255 702.046 702.046
-0.2421 115.578 716.345 716.345
-0.2381 263.505 724.973 724.973
-0.234 149.366 725.766 725.766
-0.2299 40.9782 718.41 718.41
-0.2258 379.805 704.504 704.504
-0.2218 -82.492 687.124 687.124
-0.2177 -64.407 669.269 669.269
-0.2136 -111.49 651.685 651.685
-0.2096 218.124 632.569 632.569
-0.2055 -89.66 610.362 610.362
-0.2014 -103.35 586.601 586.601
-0.1974 -474.17 564.942 564.942
-0.1933 -212.72 547.019 547.019
-0.1892 -117.35 530.077 530.077
-0.1852 -250.79 509.632 509.632
-0.1811 -200.28 484.813 484.813
-0.177 -427.06 460.832 460.832
-0.1729 -823.87 445.496 445.496
-0.1689 -490.44 442.431 442.431
-0.1648 -374.39 447.435 447.435
-0.1607 -135.86 451.793 451.793
-0.1567 -369.97 449.435 449.435
-0.1526 -475.39 441.14 441.14
-0.1485 -645.23 432.618 432.618
-0.1445 -378.05 429.597 429.597
-0.1404 -573.66 434.685 434.685
-0.1363 -300.95 447.119 447.119
-0.1323 -671.37 463.434 463.434
-0.1282 -161.04 478.242 478.242
-0.1241 -195.93 486.385 486.385
-0.12 -175.1 486.21 486.21
-0.116 -556.15 480.811 480.811
-0.1119 -521.37 475.134 475.134
-0.1078 -176.06 471.595 471.595
-0.1038 -514.41 468.704 468.704
-0.0997 -222.79 463.767 463.767
-0.0956 -308.6 456.607 456.607
-0.0916 -622.46 450.617 450.617
-0.0875 -435.33 450.085 450.085
-0.0834 -536.52 456.159 456.159
-0.0794 -386.08 465.292 465.292
-0.0753 -20.371 471.941 471.941
-0.0712 -451.35 473.002 473.002
-0.0671 -521.27 469.728 469.728
-0.0631 -264.42 465.74 465.74
-0.059 -477.16 463.703 463.703
-0.0549 -443.2 463.735 463.735
-0.0509 -288.29 464.167 464.167
-0.0468 -346.87 463.453 463.453
-0.0427 -415.25 461.509 461.509
-0.0387 -434.63 459.329 459.329
-0.0346 -494.96 457.389 457.389
-0.0305 -236.04 454.843 454.843
-0.0265 -429.33 450.719 450.719
-0.0224 -416.91 445.911 445.911
-0.0183 -478.95 443.742 443.742
-0.0142 -502.18 448.328 448.328
-0.0102 -508.3 461.972 461.972
-0.0061 -347.95 483.465 483.465
-0.002 -264.79 508.465 508.465
0.00203 -212.14 531.765 531.765
0.0061 -103.11 549.933 549.933
0.01017 -141.68 562.421 562.421
0.01424 -371.06 570.412 570.412
0.01831 -63.429 574.961 574.961
0.02238 12.2102 576.606 576.606
0.02645 -179.41 576.127 576.127
0.03052 -487.97 574.179 574.179
0.03459 34.9036 569.76 569.76
0.03866 34.7605 560.379 560.379
0.04273 -348.47 544.89 544.89
0.0468 -177.71 525.799 525.799
0.05087 -478.23 508.109 508.109
0.05493 -316.35 495.823 495.823
0.05901 -399.5 489.396 489.396
0.06307 -365.7 486.133 486.133
0.06714 -172.71 482.999 482.999
0.07121 -296.02 479.423 479.423
0.07528 -686.24 477.58 477.58
0.07935 -273.98 480.048 480.048
0.08342 -237.49 487.436 487.436
0.08749 -489.51 498.002 498.002
0.09156 -271.32 508.829 508.829
0.09563 -121.92 517.25 517.25
0.0997 -231.77 521.903 521.903
0.10377 -472.33 522.975 522.975
0.10784 -87.36 521.634 521.634
0.11191 -267.75 519.562 519.562
0.11597 -357.4 518.904 518.904
0.12004 -319.67 521.683 521.683
0.12411 -329.34 528.477 528.477
0.12818 -196.17 537.926 537.926
0.13225 -75.122 548.026 548.026
0.13632 -312.15 557.736 557.736
0.14039 -277.45 566.89 566.89
0.14446 -14.546 574.867 574.867
0.14853 -204.69 580.189 580.189
0.1526 4.24578 581.785 581.785
0.15667 -279.46 580.159 580.159
0.16074 -93.336 576.911 576.911
0.16481 -278.91 573.283 573.283
0.16888 -113.74 569.679 569.679
0.17295 -21.006 566.699 566.699
0.17702 -382.2 565.861 565.861
0.18108 -328.03 568.374 568.374
0.18515 -4.3821 573.187 573.187
0.18922 -118.23 577 577
0.19329 -144.78 576.561 576.561
0.19736 -178.05 570.915 570.915
0.20143 -58.851 561.753 561.753
0.2055 -412.05 552.123 552.123
0.20957 -172.02 544.58 544.58
0.21364 -212.73 539.57 539.57
0.21771 -405.53 534.82 534.82
0.22178 -100.74 526.563 526.563
0.22585 -41.323 512.551 512.551
0.22992 -476.5 494.683 494.683
0.23399 -471.18 478.361 478.361
0.23805 -522.53 468.7 468.7
0.24212 -243.5 467.182 467.182
0.24619 -502.42 471.641 471.641
0.25026 -266.28 478.727 478.727
0.25433 -385.61 486.324 486.324
0.2584 -224.27 494.5 494.5
0.26247 -468.65 504.895 504.895
0.26654 -252.27 518.884 518.884
0.27061 -292.48 535.593 535.593
0.27468 -305.82 551.693 551.693
0.27875 245.696 563.934 563.934
0.28282 -341.6 572.398 572.398
0.28689 -256.79 580.692 580.692
0.29096 -262.78 592.113 592.113
0.29503 -37.442 605.765 605.765
0.29909 23.0451 617.168 617.168
0.30316 199.122 622.797 622.797
0.30723 -353.37 623.434 623.434
0.3113 -19.237 622.827 622.827
0.31537 -203.35 623.709 623.709
0.31944 147.429 625.758 625.758
0.32351 -138.28 627.205 627.205
0.32758 -49.867 627.786 627.786
0.33165 13.7584 630.132 630.132
0.33572 -180.26 638.52 638.52
0.33979 -214.52 655.873 655.873
0.34386 130.654 681.173 681.173
0.34793 137.312 709.447 709.447
0.352 246.661 734.39 734.39
0.35607 235.923 751.267 751.267
0.36013 212.902 757.955 757.955
0.3642 302.831 754.246 754.246
0.36827 195.407 740.865 740.865
0.37234 125.152 719.231 719.231
0.37641 124.612 691.974 691.974
0.38048 100.463 663.549 663.549
0.38455 -276.41 639.76 639.76
0.38862 -91.078 625.492 625.492
0.39269 -219.99 621.828 621.828
0.39676 -32.382 625.048 625.048
0.40083 125.041 628.767 628.767
0.4049 -140.95 627.77 627.77
0.40897 128.964 620.663 620.663
0.41304 -255.6 609.575 609.575
0.41711 -109.56 597.458 597.458
0.42118 -225.59 585.429 585.429
0.42524 -41.41 572.541 572.541
0.42931 -96.514 558.014 558.014
0.43338 -314.75 543.241 543.241
0.43745 -422.95 531.203 531.203
0.44152 -276.4 524.356 524.356
0.44559 -50.223 523.713 523.713
0.44966 -476.79 529.197 529.197
0.45373 -445.13 539.074 539.074
0.4578 11.1885 548.638 548.638
0.46187 -105.76 551.303 551.303
0.46594 -69.467 542.929 542.929
0.47001 -221.45 525.478 525.478
0.47408 -523.29 505.953 505.953
0.47814 -443.51 491.494 491.494
0.48222 -248.69 485.279 485.279
0.48628 -456.96 486.289 486.289
0.49035 -182.76 491.609 491.609
0.49442 -553.27 498.206 498.206
0.49849 -145.13 503.384 503.384
0.50256 -188.5 505.304 505.304
0.50663 -401.24 504.002 504.002
0.5107 -246.28 501.401 501.401
0.51477 -498.71 499.404 499.404
0.51884 -246.6 497.763 497.763
0.52291 -214.04 494.101 494.101
0.52698 -342.52 486.331 486.331
0.53105 -301.83 475.287 475.287
0.53512 -499.01 465.244 465.244
0.53919 -329.09 461.701 461.701
0.54326 -777.64 467.744 467.744
0.54732 -246.18 481.76 481.76
0.55139 -22.057 498.657 498.657
0.55546 -497.53 513.577 513.577
0.55953 -152.47 524.562 524.562
0.5636 -329.61 532.419 532.419
0.56767 -138.33 539.508 539.508
0.57174 -197.73 549.016 549.016
0.57581 -396.64 563.693 563.693
0.57988 -254.65 583.246 583.246
0.58395 -11.319 602.72 602.72
0.58802 250.859 614.648 614.648
0.59209 -160.25 613.822 613.822
0.59616 -66.915 600.462 600.462
0.60023 -58.833 579.462 579.462
0.60429 -340.91 557.19 557.19
0.60836 -353.31 538.511 538.511
0.61243 -125.41 525.548 525.548
0.6165 -457.51 518.248 518.248
0.62057 -135.19 515.558 515.558
0.62464 -452.95 515.758 515.758
0.62871 -296.5 516.116 516.116
0.63278 -87.642 513.599 513.599
0.63685 -249.91 507.194 507.194
0.64092 -342.22 499.383 499.383
0.64499 -539.78 494.17 494.17
0.64906 -499.95 493.282 493.282
0.65313 119.963 495.196 495.196
0.6572 -418.26 498.267 498.267
0.66126 -486.65 503.562 503.562
0.66533 -382.29 513.451 513.451
0.6694 -160 527.913 527.913
0.67347 -281.56 543.233 543.233
0.67754 -30.676 554.271 554.271
0.68161 -198.44 557.733 557.733
0.68568 -193.67 553.945 553.945
0.68975 -88.691 546.476 546.476
0.69382 -470.07 539.961 539.961
0.69789 -287.47 537.146 537.146
0.70196 -203.25 537.229 537.229
0.70603 -94.688 537.13 537.13
0.7101 -269.54 534.476 534.476
0.71417 -260.59 529.104 529.104
0.71824 -396.4 521.809 521.809
0.7223 -179.26 512.659 512.659
0.72637 -177.83 501.501 501.501
0.73044 -421.42 489.844 489.844
0.73451 -419.51 481.092 481.092
0.73858 -552.71 478.218 478.218
0.74265 -160.06 481.362 481.362
0.74672 -459.02 487.866 487.866
0.75079 -268.99 494.308 494.308
0.75486 -206.71 498.367 498.367
0.75893 -461.23 499.281 499.281
0.763 -194.09 497.33 497.33
0.76707 -334.18 493.361 493.361
0.77114 -376.21 488.668 488.668
0.77521 -342.79 484.824 484.824
0.77928 -324.13 482.901 482.901
0.78334 -533.91 482.277 482.277
0.78741 -169.91 480.102 480.102
0.79148 -355.56 472.588 472.588
0.79555 -255.97 457.896 457.896
0.79962 -452.08 438.522 438.522
0.80369 -557.9 420.779 420.779
0.80776 -633.67 411.087 411.087
0.81183 -700.06 411.62 411.62
0.8159 -283.56 419.04 419.04
0.81997 -373.5 427.579 427.579
0.82404 -428.84 433.626 433.626
0.82811 -513.13 437.723 437.723
0.83218 -548.75 443.203 443.203
0.83625 -231.48 454.143 454.143
0.84032 -502.14 474.198 474.198
0.84439 -509.87 504.954 504.954
0.84845 -414.23 543.277 543.277
0.85252 226.455 580.736 580.736
0.85659 29.8364 607.708 607.708
0.86066 -1.0893 619.56 619.56
0.86473 -46.487 619.431 619.431
0.8688 -197.99 615.335 615.335
0.87287 -138.88 614.268 614.268
0.87694 -271.77 617.789 617.789
0.88101 162.994 622.044 622.044
0.88508 100.338 622.05 622.05
0.88915 -210.63 616.78 616.78
0.89322 19.6332 610.872 610.872
0.89729 -387.39 611.723 611.723
0.90136 -101.88 624.437 624.437
0.90543 -126.33 648.352 648.352
0.90949 136.077 677.269 677.269
0.91356 194.224 702.894 702.894
0.91763 206.736 719.214 719.214
0.9217 241.4 725.259 725.259
0.92577 79.5886 724.869 724.869
0.92984 72.7432 723.773 723.773
0.93391 7.64189 725.883 725.883
0.93798 215.035 731.354 731.354
0.94205 269.959 737.779 737.779
0.94612 32.9551 743.569 743.569
0.95019 454.465 751.227 751.227
0.95426 -140.41 769.275 769.275
0.95833 226.266 813.792 813.792
0.9624 229.468 910.607 910.607
0.96646 332.389 1094.09 1094.09
0.97053 527.2 1391.72 1391.72
0.9746 862.862 1789.7 1789.7
0.97867 1380.13 2201.71 2201.71
0.98274 8141.7 2484.68 2484.68
0.98681 8922.53 2516.27 2516.27
0.99088 2714.49 2279.41 2279.41
0.99495 914.896 1875.04 1875.04
0.99902 549.482 1450.65 1450.65
1.00309 25.9975 1112.96 1112.96
1.00716 268.656 893.189 893.189
1.01123 -27.271 768.789 768.789
1.0153 123.57 702.114 702.114
1.01937 36.7884 664.864 664.864
1.02344 -139.67 643.546 643.546
1.0275 -173.53 634.611 634.611
1.03157 -64.262 637.61 637.61
1.03564 -99.401 650.616 650.616
1.03971 22.9011 668.991 668.991
1.04378 175.91 686.725 686.725
1.04785 110.32 698.917 698.917
1.05192 186.875 703.815 703.815
1.05599 90.9001 703.108 703.108
1.06006 24.0404 700.117 700.117
1.06413 -29.722 697.106 697.106
1.0682 212.014 693.969 693.969
1.07227 113.591 689.436 689.436
1.07634 34.2124 683.459 683.459
1.08041 -61.268 678.356 678.356
1.08448 145.184 677.663 677.663
1.08854 -165.96 683.46 683.46
1.09261 19.7025 693.84 693.84
1.09668 166.827 702.717 702.717
1.10075 393.18 703.332 703.332
1.10482 177.971 693.347 693.347
1.10889 -187.03 676.726 676.726
1.11296 -53.195 660.208 660.208
1.11703 -64.371 647.926 647.926
1.1211 71.893 639.468 639.468
1.12517 -117.23 632.458 632.458
1.12924 133.813 626.24 626.24
1.13331 -394.73 622.926 622.926
1.13738 89.9073 625.087 625.087
1.14145 -259.45 632.336 632.336
1.14552 -37.173 640.057 640.057
1.14958 310.839 642.168 642.168
1.15365 42.4335 636.221 636.221
1.15772 -185.4 626.254 626.254
1.16179 -382.48 620.565 620.565
1.16586 122.66 626.758 626.758
1.16993 -230.44 648.513 648.513
1.174 -35.086 685.214 685.214
1.17807 50.0308 732.712 732.712
1.18214 381.576 784.576 784.576
1.18621 481.713 834.37 834.37
1.19028 413.434 878.032 878.032
1.19435 482.852 914.477 914.477
1.19842 700.065 944.449 944.449
1.20249 613.302 969.434 969.434
1.20656 692.329 991.535 991.535
1.21062 638.28 1013.54 1013.54
1.21469 778.631 1038.48 1038.48
1.21876 763.632 1068.84 1068.84
1.22283 840.557 1105.84 1105.84
1.2269 908.659 1149 1149
1.23097 1154.12 1196.43 1196.43
1.23504 1131.38 1246.37 1246.37
1.23911 1356.51 1299.71 1299.71
1.24318 1396.35 1361.22 1361.22
1.24725 1241.06 1437.74 1437.74
1.25132 1521.16 1533.75 1533.75
1.25539 2019.25 1648.7 1648.7
1.25946 2412.91 1779.11 1779.11
1.26353 2321.58 1923.54 1923.54
1.2676 2712.6 2085.15 2085.15
1.27166 3076.89 2269.83 2269.83
1.27573 3385.88 2482.92 2482.92
1.2798 4088.6 2728.97 2728.97
1.28387 4643.42 3014.94 3014.94
1.28794 4877.32 3353.52 3353.52
1.29201 5700.07 3764.24 3764.24
1.29608 6729.38 4273.83 4273.83
1.30015 7830.33 4918.5 4918.5
1.30422 8868 5747.8 5747.8
1.30829 10778.5 6824.9 6824.9
1.31236 13068.7 8217.51 8217.51
1.31643 16102.4 9973.38 9973.38
1.3205 20320.9 12077.4 12077.4
1.32456 26014.8 14399.3 14399.3
1.32864 33075.5 16661.1 16661.1
1.3327 41422.9 18468.2 18468.2
1.33677 46700 19422 19422
1.34084 46330.3 19275.2 19275.2
1.34491 39870.1 18043.8 18043.8
1.34898 31679.8 16001.9 16001.9
1.35305 23853.7 13563 13563
1.35712 18120.1 11123.5 11123.5
1.36119 13831.8 8952.18 8952.18
1.36526 10814.9 7165.12 7165.12
1.36933 8958.45 5763.94 5763.94
1.3734 6724.47 4694.01 4694.01
1.37747 5331.87 3887.64 3887.64
1.38154 4570.18 3283 3283
1.3856 3975.78 2827.76 2827.76
1.38967 3299.13 2479.02 2479.02
1.39374 2892.7 2203.62 2203.62
1.39781 2425.54 1978.1 1978.1
1.40188 2324.16 1787.86 1787.86
1.40595 1767.33 1625.96 1625.96
1.41002 1454.69 1491.06 1491.06
1.41409 1339.55 1383.57 1383.57
1.41816 993.049 1301.14 1301.14
1.42223 1194.91 1236.55 1236.55
1.4263 1241.65 1179.76 1179.76
1.43037 908.849 1122.61 1122.61
1.43444 834.692 1062.4 1062.4
1.43851 648.055 1001.71 1001.71
1.44258 556.975 945.405 945.405
1.44664 262.173 897.14 897.14
1.45071 427.206 857.733 857.733
1.45478 424.179 826.175 826.175
1.45885 241.585 801.933 801.933
1.46292 88.1541 785.816 785.816
1.46699 157.558 778.408 778.408
1.47106 320.193 778.167 778.167
1.47513 259.192 781.634 781.634
1.4792 161.337 785.49 785.49
1.48327 546.814 788.236 788.236
1.48734 -46.612 789.993 789.993
1.49141 313.331 791.158 791.158
1.49548 440.685 791.797 791.797
1.49955 273.46 792.257 792.257
1.50361 63.4793 793.199 793.199
1.50768 264.37 793.964 793.964
1.51175 468.764 791.349 791.349
1.51582 296.916 781.211 781.211
1.51989 267.513 761.824 761.824
1.52396 188.793 735.731 735.731
1.52803 14.6644 708.651 708.651
1.5321 -33.242 686.717 686.717
1.53617 35.6578 673.924 673.924
1.54024 -140.36 670.696 670.696
1.54431 56.6105 673.735 673.735
1.54838 123.019 677.26 677.26
1.55245 129.355 675.406 675.406
1.55652 31.6017 664.767 664.767
1.56059 67.6107 645.968 645.968
1.56465 -42.748 623.572 623.572
1.56872 -260 604.202 604.202
1.57279 -255.35 593.284 593.284
1.57686 -184.17 592.029 592.029
1.58093 -52.109 596.709 596.709
1.585 -121.27 600.909 600.909
1.58907 29.4697 599.447 599.447
1.59314 -23.475 591.535 591.535
1.59721 -251.04 581.063 581.063
1.60128 -364.7 573.507 573.507
1.60535 -148.27 571.797 571.797
1.60942 -159.05 574.761 574.761
1.61349 -50.453 579.292 579.292
1.61756 -115.26 583.399 583.399
1.62163 -346.78 586.715 586.715
1.62569 -74.119 588.594 588.594
1.62976 2.69904 587.051 587.051
1.63383 -105.53 580.315 580.315
1.6379 -164.85 568.899 568.899
1.64197 -362.03 555.389 555.389
1.64604 -120.86 542.292 542.292
1.65011 -324.01 530.655 530.655
1.65418 -220.58 520.79 520.79
1.65825 -259.7 513.697 513.697
1.66232 -480.43 511.057 511.057
1.66639 -269.83 513.658 513.658
1.67046 -308.06 520.108 520.108
1.67453 -145.72 527.53 527.53
1.6786 -274.1 533.726 533.726
1.68267 -196.28 538.671 538.671
1.68674 -315.49 543.898 543.898
1.6908 -221 550.365 550.365
1.69487 -246.93 556.766 556.766
1.69894 -45.285 559.871 559.871
1.70301 -129.25 556.694 556.694
1.70708 -273.5 546.799 546.799
1.71115 -126.74 533.054 533.054
1.71522 -407.68 520.468 520.468
1.71929 -392.91 513.903 513.903
1.72336 -274.87 515.781 515.781
1.72743 -353.77 524.855 524.855
1.7315 -252.5 536.665 536.665
1.73557 -56.669 545.531 545.531
1.73964 -77.291 546.995 546.995
1.74371 -507.99 539.374 539.374
1.74778 118.521 524.093 524.093
1.75184 -383.58 505.286 505.286
1.75591 -543.6 488.477 488.477
1.75998 -395.37 477.983 477.983
1.76405 -340.01 474.411 474.411
1.76812 -481.79 474.59 474.59
1.77219 -68.199 474.329 474.329
1.77626 -537.08 471.674 471.674
1.78033 -317.61 468.006 468.006
1.7844 -438 466.26 466.26
1.78847 -523.74 467.907 467.907
1.79254 -327.82 471.321 471.321
1.79661 -132.79 473.063 473.063
1.80068 -551.07 471.098 471.098
1.80475 -177.94 467.163 467.163
1.80882 -584.61 466.193 466.193
1.81288 -455.88 473.2 473.2
1.81695 -477.06 490.021 490.021
1.82102 -159.75 514.447 514.447
1.82509 -149.79 542.039 542.039
1.82916 -402.92 568.578 568.578
1.83323 136.872 591.313 591.313
1.8373 -127.5 609.073 609.073
1.84137 -84.274 621.95 621.95
1.84544 -36.223 630.511 630.511
1.84951 -46.234 634.718 634.718
1.85358 34.9149 633.589 633.589
1.85765 -50.136 626.32 626.32
1.86172 34.6889 614.092 614.092
1.86579 -176.93 600.83 600.83
1.86986 -310.61 591.807 591.807
1.87392 -110.86 590.787 590.787
1.87799 -211.19 597.758 597.758
1.88206 -101.72 608.921 608.921
1.88613 16.5527 618.998 618.998
1.8902 109.909 624.221 624.221
1.89427 -166.38 623.676 623.676
1.89834 -220.27 618.125 618.125
1.90241 107.678 608.411 608.411
1.90648 -0.7888 595.962 595.962
1.91055 -275.11 584.402 584.402
1.91462 -347.54 578.84 578.84
1.91869 -237.29 582.348 582.348
1.92276 9.13179 593.102 593.102
1.92683 -206.96 605.09 605.09
1.9309 58.6179 611.669 611.669
1.93496 79.4799 609.438 609.438
1.93903 -178.1 600.209 600.209
1.9431 -143.93 589.807 589.807
1.94717 -388.4 584.051 584.051
1.95124 -138.02 584.762 584.762
1.95531 -16.258 589.042 589.042
1.95938 -87.629 592.123 592.123
1.96345 -156.43 590.831 590.831
1.96752 -63.342 584.793 584.793
1.97159 -237.57 575.334 575.334
1.97566 -161 564.014 564.014
1.97973 -157.86 552.249 552.249
1.9838 -292.5 541.903 541.903
1.98786 -268.61 535.695 535.695
1.99194 -260.64 536.492 536.492
1.996 -429.51 545.593 545.593
2.00007 -157.89 561.247 561.247
2.00414 -10.981 578.831 578.831
2.00821 -254.04 592.863 592.863
2.01228 127.16 599.524 599.524
2.01635 -95.613 598.012 598.012
2.02042 -250.43 589.978 589.978
2.02449 -106.22 577.743 577.743
2.02856 -126.32 563.007 563.007
2.03263 -240.99 547.025 547.025
2.0367 -249.63 531.523 531.523
2.04077 -403.97 519.116 519.116
2.04484 -161.11 512.945 512.945
2.0489 -448.8 515.622 515.622
2.05297 -484.46 527.576 527.576
2.05704 -46.422 545.706 545.706
2.06111 -148.2 563.892 563.892
2.06518 -171.06 575.536 575.536
2.06925 43.5102 576.452 576.452
2.07332 -157.47 566.424 566.424
2.07739 -239.89 548.843 548.843
2.08146 -268.16 528.76 528.76
2.08553 -397.91 510.438 510.438
2.0896 -302.56 495.93 495.93
2.09367 -312.49 485.525 485.525
2.09774 -432.03 479.258 479.258
2.10181 -321.2 477.826 477.826
2.10588 -506.38 482.087 482.087
2.10995 -304.46 491.892 491.892
2.11401 -324.93 505.644 505.644
2.11808 -169.18 520.968 520.968
2.12215 -383.96 535.583 535.583
2.12622 -97.243 547.644 547.644
2.13029 -220.14 555.943 555.943
2.13436 -60.066 560.427 560.427
2.13843 -279.69 562.404 562.404
2.1425 -316.64 563.719 563.719
2.14657 45.0427 565.583 565.583
2.15064 -343.43 568.167 568.167
2.15471 -151.11 570.78 570.78
2.15878 -87.586 571.811 571.811
2.16285 -311.6 568.686 568.686
2.16692 67.5764 559.019 559.019
2.17098 -226.69 542.875 542.875
2.17505 -196.25 523.913 523.913
2.17912 -658.58 507.447 507.447
2.18319 -290.21 496.831 496.831
2.18726 -116.49 491.983 491.983
2.19133 -501.13 491.24 491.24
2.1954 -298.87 493.558 493.558
2.19947 -471.26 498.367 498.367
2.20354 -122.38 504.233 504.233
2.20761 -385.39 508.947 508.947
2.21168 -155.28 511.281 511.281
2.21575 -337 512.465 512.465
2.21982 -374.5 515.752 515.752
2.22389 -258.77 524.272 524.272
2.22796 -366.85 538.638 538.638
2.23203 -231.92 556.19 556.19
2.23609 76.7281 572.834 572.834
2.24016 -143.16 586.193 586.193
2.24423 -232.26 597.149 597.149
2.2483 -141.17 608.279 608.279
2.25237 -31.748 621.053 621.053
2.25644 -47.679 634.699 634.699
2.26051 -16.683 647.344 647.344
2.26458 99.2748 657.669 657.669
2.26865 -50.267 665.325 665.325
2.27272 -1.3575 670.071 670.071
2.27679 88.1641 670.985 670.985
2.28086 154.886 667.004 667.004
2.28493 -70.637 658.356 658.356
2.289 37.081 647.096 647.096
2.29306 -145.6 635.908 635.908
2.29713 -113.56 626.479 626.479
2.3012 62.2162 619.375 619.375
2.30527 -150.67 615.448 615.448
2.30934 -100.23 616.636 616.636
2.31341 -293.16 624.39 624.39
2.31748 38.2113 636.843 636.843
2.32155 49.4157 647.698 647.698
2.32562 37.7356 648.583 648.583
2.32969 232.362 633.903 633.903
2.33376 -3.1532 605.139 605.139
2.33783 -252.02 571.186 571.186
2.3419 -597.8 543.522 543.522
2.34597 -294.07 529.324 529.324
2.35004 -188.11 527.874 527.874
2.35411 -320.75 532.689 532.689
2.35817 -56.571 536.865 536.865
2.36224 -284.39 537.342 537.342
2.36631 -164.22 535.713 535.713
2.37038 -391.37 535.585 535.585
2.37445 -414.11 538.516 538.516
2.37852 -42.039 541.937 541.937
2.38259 -103.38 541.285 541.285
2.38666 -181.2 534.449 534.449
2.39073 -307.43 523.813 523.813
2.3948 -549.18 513.663 513.663
2.39887 -175.53 506.137 506.137
2.40294 -248.17 500.333 500.333
2.40701 -238.76 494.968 494.968
2.41107 -543.74 490.702 490.702
2.41514 -309.45 489.424 489.424
2.41921 -349.13 491.948 491.948
2.42328 -297.42 497.076 497.076
2.42735 -357.41 502.765 502.765
2.43142 -168.95 507.955 507.955
2.43549 -326.01 513.35 513.35
2.43956 -439.2 520.455 520.455
2.44363 -156.42 529.622 529.622
2.4477 -297.16 538.923 538.923
2.45177 -96.041 545.03 545.03
2.45584 -172.84 545.376 545.376
2.45991 -264.82 539.782 539.782
2.46398 -175.23 530.443 530.443
2.46805 -354.57 520.46 520.46
2.47212 -384.83 512.032 512.032
2.47618 -220.6 505.622 505.622
2.48025 -265.66 500.56 500.56
2.48432 -392.94 496.073 496.073
2.48839 -394.97 491.555 491.555
2.49246 -264.94 486.511 486.511
2.49653 -209.42 481.326 481.326
2.5006 -563.9 478.333 478.333
2.50467 -365.4 481.252 481.252
2.50874 -401.93 492.576 492.576
2.51281 -404.75 510.96 510.96
2.51688 -219.6 531.158 531.158
2.52095 85.6253 547.102 547.102
2.52502 -271.44 555.8 555.8
2.52909 -192.3 558.513 558.513
2.53315 -397.53 558.184 558.184
2.53722 67.0275 556.032 556.032
2.54129 -377.7 550.759 550.759
2.54536 -13.492 540.619 540.619
2.54943 -345.75 525.92 525.92
2.5535 -216.34 509.752 509.752
2.55757 -489.33 496.455 496.455
2.56164 -378.8 488.938 488.938
2.56571 -397.21 486.858 486.858
2.56978 -220.01 487.305 487.305
2.57385 -281.83 487.547 487.547
2.57792 -485.9 487.534 487.534
2.58199 -170.91 490.032 490.032
2.58606 -563.33 498.049 498.049
2.59013 -394.43 511.366 511.366
2.5942 -163.5 525.159 525.159
2.59826 25.5894 532.648 532.648
2.60233 -233.49 529.851 529.851
2.6064 -280.62 517.843 517.843
2.61047 -551.87 500.664 500.664
2.61454 -82.556 482.159 482.159
2.61861 -402.64 465.525 465.525
2.62268 -530.25 454.672 454.672
2.62675 -551 453.707 453.707
2.63082 -515.46 463.842 463.842
2.63489 -284 481.05 481.05
2.63896 -228.21 497.266 497.266
2.64303 -175.65 504.353 504.353
2.6471 -298.22 498.016 498.016
2.65117 -130.72 479.719 479.719
2.65523 -545.74 456.149 456.149
2.6593 -582.7 436.556 436.556
2.66337 -504.73 428.992 428.992
2.66744 -589.77 437.004 437.004
2.67151 -518.67 458.006 458.006
2.67558 -263.29 483.897 483.897
2.67965 -122.02 504.108 504.108
2.68372 -273.98 510.468 510.468
2.68779 68.5683 501.614 501.614
2.69186 -511.86 483.657 483.657
2.69593 -717.1 465.848 465.848
2.7 -375.39 454.553 454.553
2.70407 -263.17 450.96 450.96
2.70814 -363.59 453.624 453.624
2.7122 -707.72 461.347 461.347
2.71627 -374.74 473.004 473.004
2.72034 -47.774 486.336 486.336
2.72441 -457.59 498.643 498.643
2.72848 -334.68 508.432 508.432
2.73255 -159.46 515.629 515.629
2.73662 -363.92 520.53 520.53
2.74069 -214.35 523.215 523.215
2.74476 -180.35 523.688 523.688
2.74883 -395.03 521.79 521.79
2.7529 -264.19 516.77 516.77
2.75697 -171.28 507.715 507.715
2.76104 -211.67 495.268 495.268
2.76511 -533.32 482.764 482.764
2.76918 -403.61 474.675 474.675
2.77325 -496.86 473.244 473.244
2.77731 -313.07 476.654 476.654
2.78138 -214.37 480.625 480.625
2.78545 -355.93 481.718 481.718
2.78952 -419.42 479.241 479.241
2.79359 -288.08 474.73 474.73
2.79766 -443.75 470.481 470.481
2.80173 -352.42 468.623 468.623
2.8058 -431.82 470.61 470.61
2.80987 -425.21 476.498 476.498
2.81394 -365.99 484.492 484.492
2.81801 -190.51 492.019 492.019
2.82208 -335.81 498.251 498.251
2.82615 -184.77 505.709 505.709
2.83022 -674.08 518.43 518.43
2.83428 -200.72 537.529 537.529
2.83835 -117.29 558.375 558.375
2.84242 -65.389 572.722 572.722
2.84649 84.9503 574.339 574.339
2.85056 -169.48 563.223 563.223
2.85463 -396.7 544.992 544.992
2.8587 -267.97 526.611 526.611
2.86277 -303.88 512.56 512.56
2.86684 -278.65 504.007 504.007
2.87091 -448.24 500.125 500.125
2.87498 -265.33 499.522 499.522
2.87905 -267.78 501.036 501.036
2.88312 -307.69 503.985 503.985
2.88719 -499.27 507.795 507.795
2.89126 -43.999 511.424 511.424
2.89533 -395.49 513.617 513.617
2.89939 -192.17 514.145 514.145
2.90346 -371.08 514.758 514.758
2.90753 -193.74 518.578 518.578
2.9116 -511.14 528.014 528.014
2.91567 -269.03 542.802 542.802
2.91974 73.8258 560.117 560.117
2.92381 -255.15 576.963 576.963
2.92788 -223.4 593.145 593.145
2.93195 38.9989 613.825 613.825
2.93602 -46.792 652.257 652.257
2.94009 -344.95 731.614 731.614
2.94416 50.9098 879.967 879.967
2.94823 212.079 1111.49 1111.49
2.9523 143.529 1398.36 1398.36
2.95636 1480.67 1658.64 1658.64
2.96043 7992.85 1788.5 1788.5
2.9645 3076.71 1728.14 1728.14
2.96857 686.292 1505.21 1505.21
2.97264 231.137 1212.98 1212.98
2.97671 12.384 946.123 946.123
2.98078 -184.65 753.92 753.92
2.98485 -149.92 638.543 638.543
2.98892 -351.38 579.286 579.286
2.99299 -307.6 553.45 553.45
2.99706 -151.27 544.016 544.016
3.00113 -224.58 539.809 539.809
3.0052 -255.68 534.834 534.834
3.00927 -53.62 528.318 528.318
3.01334 -459.27 523.742 523.742
3.01741 -435.69 525.495 525.495
3.02147 -226.62 534.51 534.51
3.02554 -283.47 546.242 546.242
3.02961 79.9874 552.969 552.969
3.03368 -159.9 548.657 548.657
3.03775 -245.89 532.598 532.598
3.04182 -266.83 509.677 509.677
3.04589 -347.83 487.955 487.955
3.04996 -624.82 475.141 475.141
3.05403 -338.43 475.109 475.109
3.0581 -575.02 485.807 485.807
3.06217 -159.18 500.338 500.338
3.06624 10.6572 511.351 511.351
3.07031 -401.62 515.6 515.6
3.07437 -381.54 514.81 514.81
3.07844 -267.41 512.781 512.781
3.08251 -211.81 512.33 512.33
3.08658 -426.64 514.628 514.628
3.09065 -180.63 519.92 519.92
3.09472 -408.2 527.791 527.791
3.09879 -152.71 536.921 536.921
3.10286 -182.34 545.425 545.425
