0.00100000 0.99900050
0.00200000 0.99800200
0.00300000 0.99700450
0.00400000 0.99600799
0.00500000 0.99501248
0.00600000 0.99401796
0.00700000 0.99302444
0.00800000 0.99203191
0.00900000 0.99104038
0.01000000 0.99004983
0.01100000 0.98906028
0.01200000 0.98807171
0.01300000 0.98708414
0.01400000 0.98609754
0.01500000 0.98511194
0.01600000 0.98412732
0.01700000 0.98314368
0.01800000 0.98216103
0.01900000 0.98117936
0.02000000 0.98019867
0.02100000 0.97921896
0.02200000 0.97824024
0.02300000 0.97726248
0.02400000 0.97628571
0.02500000 0.97530991
0.02600000 0.97433509
0.02700000 0.97336124
0.02800000 0.97238837
0.02900000 0.97141646
0.03000000 0.97044553
0.03100000 0.96947557
0.03200000 0.96850658
0.03300000 0.96753856
0.03400000 0.96657150
0.03500000 0.96560542
0.03600000 0.96464029
0.03700000 0.96367614
0.03800000 0.96271294
0.03900000 0.96175071
0.04000000 0.96078944
0.04100000 0.95982913
0.04200000 0.95886978
0.04300000 0.95791139
0.04400000 0.95695396
0.04500000 0.95599748
0.04600000 0.95504196
0.04700000 0.95408740
0.04800000 0.95313379
0.04900000 0.95218113
0.05000000 0.95122942
0.05100000 0.95027867
0.05200000 0.94932887
0.05300000 0.94838001
0.05400000 0.94743211
0.05500000 0.94648515
0.05600000 0.94553914
0.05700000 0.94459407
0.05800000 0.94364995
0.05900000 0.94270677
0.06000000 0.94176453
0.06100000 0.94082324
0.06200000 0.93988289
0.06300000 0.93894347
0.06400000 0.93800500
0.06500000 0.93706746
0.06600000 0.93613086
0.06700000 0.93519520
0.06800000 0.93426047
0.06900000 0.93332668
0.07000000 0.93239382
0.07100000 0.93146189
0.07200000 0.93053090
0.07300000 0.92960083
0.07400000 0.92867169
0.07500000 0.92774349
0.07600000 0.92681621
0.07700000 0.92588985
0.07800000 0.92496443
0.07900000 0.92403992
0.08000000 0.92311635
0.08100000 0.92219369
0.08200000 0.92127196
0.08300000 0.92035115
0.08400000 0.91943126
0.08500000 0.91851228
0.08600000 0.91759423
0.08700000 0.91667710
0.08800000 0.91576088
0.08900000 0.91484557
0.09000000 0.91393119
0.09100000 0.91301771
0.09200000 0.91210515
0.09300000 0.91119350
0.09400000 0.91028276
0.09500000 0.90937293
0.09600000 0.90846402
0.09700000 0.90755601
0.09800000 0.90664890
0.09900000 0.90574271
0.10000000 0.90483742
0.10100000 0.90393303
0.10200000 0.90302955
0.10300000 0.90212697
0.10400000 0.90122530
0.10500000 0.90032452
0.10600000 0.89942465
0.10700000 0.89852567
0.10800000 0.89762760
0.10900000 0.89673042
0.11000000 0.89583414
0.11100000 0.89493875
0.11200000 0.89404426
0.11300000 0.89315066
0.11400000 0.89225796
0.11500000 0.89136614
0.11600000 0.89047522
0.11700000 0.88958519
0.11800000 0.88869605
0.11900000 0.88780780
0.12000000 0.88692044
0.12100000 0.88603396
0.12200000 0.88514837
0.12300000 0.88426366
0.12400000 0.88337984
0.12500000 0.88249690
0.12600000 0.88161485
0.12700000 0.88073367
0.12800000 0.87985338
0.12900000 0.87897397
0.13000000 0.87809543
0.13100000 0.87721777
0.13200000 0.87634100
0.13300000 0.87546509
0.13400000 0.87459006
0.13500000 0.87371591
0.13600000 0.87284263
0.13700000 0.87197023
0.13800000 0.87109869
0.13900000 0.87022803
0.14000000 0.86935824
0.14100000 0.86848931
0.14200000 0.86762126
0.14300000 0.86675407
0.14400000 0.86588775
0.14500000 0.86502229
0.14600000 0.86415770
0.14700000 0.86329398
0.14800000 0.86243111
0.14900000 0.86156911
0.15000000 0.86070798
0.15100000 0.85984770
0.15200000 0.85898828
0.15300000 0.85812972
0.15400000 0.85727202
0.15500000 0.85641518
0.15600000 0.85555919
0.15700000 0.85470406
0.15800000 0.85384978
0.15900000 0.85299636
0.16000000 0.85214379
0.16100000 0.85129207
0.16200000 0.85044120
0.16300000 0.84959119
0.16400000 0.84874202
0.16500000 0.84789370
0.16600000 0.84704623
0.16700000 0.84619961
0.16800000 0.84535383
0.16900000 0.84450890
0.17000000 0.84366482
0.17100000 0.84282157
0.17200000 0.84197917
0.17300000 0.84113761
0.17400000 0.84029690
0.17500000 0.83945702
0.17600000 0.83861798
0.17700000 0.83777978
0.17800000 0.83694242
0.17900000 0.83610590
0.18000000 0.83527021
0.18100000 0.83443536
0.18200000 0.83360134
0.18300000 0.83276816
0.18400000 0.83193580
0.18500000 0.83110428
0.18600000 0.83027359
0.18700000 0.82944374
0.18800000 0.82861471
0.18900000 0.82778651
0.19000000 0.82695913
0.19100000 0.82613259
0.19200000 0.82530687
0.19300000 0.82448197
0.19400000 0.82365790
0.19500000 0.82283466
0.19600000 0.82201223
0.19700000 0.82119063
0.19800000 0.82036985
0.19900000 0.81954989
0.20000000 0.81873075
0.20100000 0.81791243
0.20200000 0.81709493
0.20300000 0.81627824
0.20400000 0.81546237
0.20500000 0.81464732
0.20600000 0.81383308
0.20700000 0.81301965
0.20800000 0.81220704
0.20900000 0.81139524
0.21000000 0.81058425
0.21100000 0.80977407
0.21200000 0.80896470
0.21300000 0.80815614
0.21400000 0.80734839
0.21500000 0.80654144
0.21600000 0.80573530
0.21700000 0.80492997
0.21800000 0.80412544
0.21900000 0.80332172
0.22000000 0.80251880
0.22100000 0.80171668
0.22200000 0.80091536
0.22300000 0.80011485
0.22400000 0.79931513
0.22500000 0.79851622
0.22600000 0.79771810
0.22700000 0.79692078
0.22800000 0.79612426
0.22900000 0.79532853
0.23000000 0.79453360
0.23100000 0.79373947
0.23200000 0.79294612
0.23300000 0.79215357
0.23400000 0.79136182
0.23500000 0.79057085
0.23600000 0.78978067
0.23700000 0.78899129
0.23800000 0.78820269
0.23900000 0.78741488
0.24000000 0.78662786
0.24100000 0.78584163
0.24200000 0.78505618
0.24300000 0.78427151
0.24400000 0.78348763
0.24500000 0.78270454
0.24600000 0.78192222
0.24700000 0.78114069
0.24800000 0.78035994
0.24900000 0.77957997
0.25000000 0.77880078
0.25100000 0.77802237
0.25200000 0.77724474
0.25300000 0.77646788
0.25400000 0.77569180
0.25500000 0.77491650
0.25600000 0.77414197
0.25700000 0.77336821
0.25800000 0.77259523
0.25900000 0.77182302
0.26000000 0.77105159
0.26100000 0.77028092
0.26200000 0.76951102
0.26300000 0.76874190
0.26400000 0.76797354
0.26500000 0.76720595
0.26600000 0.76643913
0.26700000 0.76567307
0.26800000 0.76490778
0.26900000 0.76414326
0.27000000 0.76337949
0.27100000 0.76261650
0.27200000 0.76185426
0.27300000 0.76109279
0.27400000 0.76033208
0.27500000 0.75957212
0.27600000 0.75881293
0.27700000 0.75805450
0.27800000 0.75729682
0.27900000 0.75653990
0.28000000 0.75578374
0.28100000 0.75502834
0.28200000 0.75427368
0.28300000 0.75351979
0.28400000 0.75276664
0.28500000 0.75201425
0.28600000 0.75126262
0.28700000 0.75051173
0.28800000 0.74976159
0.28900000 0.74901221
0.29000000 0.74826357
0.29100000 0.74751568
0.29200000 0.74676854
0.29300000 0.74602214
0.29400000 0.74527649
0.29500000 0.74453159
0.29600000 0.74378743
0.29700000 0.74304401
0.29800000 0.74230134
0.29900000 0.74155941
0.30000000 0.74081822
0.30100000 0.74007777
0.30200000 0.73933806
0.30300000 0.73859910
0.30400000 0.73786087
0.30500000 0.73712337
0.30600000 0.73638662
0.30700000 0.73565060
0.30800000 0.73491532
0.30900000 0.73418077
0.31000000 0.73344696
0.31100000 0.73271388
0.31200000 0.73198153
0.31300000 0.73124991
0.31400000 0.73051903
0.31500000 0.72978887
0.31600000 0.72905945
0.31700000 0.72833076
0.31800000 0.72760279
0.31900000 0.72687555
0.32000000 0.72614904
0.32100000 0.72542325
0.32200000 0.72469819
0.32300000 0.72397385
0.32400000 0.72325024
0.32500000 0.72252735
0.32600000 0.72180519
0.32700000 0.72108374
0.32800000 0.72036302
0.32900000 0.71964302
0.33000000 0.71892373
0.33100000 0.71820517
0.33200000 0.71748732
0.33300000 0.71677019
0.33400000 0.71605378
0.33500000 0.71533809
0.33600000 0.71462311
0.33700000 0.71390884
0.33800000 0.71319529
0.33900000 0.71248245
0.34000000 0.71177032
0.34100000 0.71105891
0.34200000 0.71034820
0.34300000 0.70963821
0.34400000 0.70892893
0.34500000 0.70822035
0.34600000 0.70751249
0.34700000 0.70680533
0.34800000 0.70609888
0.34900000 0.70539313
0.35000000 0.70468809
0.35100000 0.70398375
0.35200000 0.70328012
0.35300000 0.70257719
0.35400000 0.70187497
0.35500000 0.70117344
0.35600000 0.70047262
0.35700000 0.69977250
0.35800000 0.69907308
0.35900000 0.69837435
0.36000000 0.69767633
0.36100000 0.69697900
0.36200000 0.69628237
0.36300000 0.69558643
0.36400000 0.69489119
0.36500000 0.69419665
0.36600000 0.69350280
0.36700000 0.69280965
0.36800000 0.69211718
0.36900000 0.69142541
0.37000000 0.69073433
0.37100000 0.69004394
0.37200000 0.68935424
0.37300000 0.68866523
0.37400000 0.68797691
0.37500000 0.68728928
0.37600000 0.68660233
0.37700000 0.68591607
0.37800000 0.68523050
0.37900000 0.68454561
0.38000000 0.68386141
0.38100000 0.68317789
0.38200000 0.68249505
0.38300000 0.68181290
0.38400000 0.68113143
0.38500000 0.68045064
0.38600000 0.67977053
0.38700000 0.67909109
0.38800000 0.67841234
0.38900000 0.67773427
0.39000000 0.67705687
0.39100000 0.67638016
0.39200000 0.67570411
0.39300000 0.67502875
0.39400000 0.67435406
0.39500000 0.67368004
0.39600000 0.67300670
0.39700000 0.67233403
0.39800000 0.67166203
0.39900000 0.67099070
0.40000000 0.67032005
0.40100000 0.66965006
0.40200000 0.66898075
0.40300000 0.66831210
0.40400000 0.66764412
0.40500000 0.66697681
0.40600000 0.66631017
0.40700000 0.66564419
0.40800000 0.66497888
0.40900000 0.66431423
0.41000000 0.66365025
0.41100000 0.66298693
0.41200000 0.66232428
0.41300000 0.66166228
0.41400000 0.66100095
0.41500000 0.66034028
0.41600000 0.65968027
0.41700000 0.65902092
0.41800000 0.65836223
0.41900000 0.65770420
0.42000000 0.65704682
0.42100000 0.65639010
0.42200000 0.65573404
0.42300000 0.65507863
0.42400000 0.65442388
0.42500000 0.65376979
0.42600000 0.65311634
0.42700000 0.65246355
0.42800000 0.65181141
0.42900000 0.65115993
0.43000000 0.65050909
0.43100000 0.64985891
0.43200000 0.64920938
0.43300000 0.64856049
0.43400000 0.64791226
0.43500000 0.64726467
0.43600000 0.64661773
0.43700000 0.64597143
0.43800000 0.64532578
0.43900000 0.64468078
0.44000000 0.64403642
0.44100000 0.64339271
0.44200000 0.64274964
0.44300000 0.64210721
0.44400000 0.64146542
0.44500000 0.64082428
0.44600000 0.64018377
0.44700000 0.63954391
0.44800000 0.63890468
0.44900000 0.63826610
0.45000000 0.63762815
0.45100000 0.63699084
0.45200000 0.63635417
0.45300000 0.63571813
0.45400000 0.63508273
0.45500000 0.63444797
0.45600000 0.63381384
0.45700000 0.63318034
0.45800000 0.63254748
0.45900000 0.63191524
0.46000000 0.63128365
0.46100000 0.63065268
0.46200000 0.63002234
0.46300000 0.62939263
0.46400000 0.62876355
0.46500000 0.62813511
0.46600000 0.62750728
0.46700000 0.62688009
0.46800000 0.62625352
0.46900000 0.62562758
0.47000000 0.62500227
0.47100000 0.62437758
0.47200000 0.62375351
0.47300000 0.62313007
0.47400000 0.62250725
0.47500000 0.62188506
0.47600000 0.62126348
0.47700000 0.62064253
0.47800000 0.62002220
0.47900000 0.61940248
0.48000000 0.61878339
0.48100000 0.61816492
0.48200000 0.61754706
0.48300000 0.61692982
0.48400000 0.61631320
0.48500000 0.61569720
0.48600000 0.61508181
0.48700000 0.61446703
0.48800000 0.61385287
0.48900000 0.61323933
0.49000000 0.61262639
0.49100000 0.61201407
0.49200000 0.61140237
0.49300000 0.61079127
0.49400000 0.61018078
0.49500000 0.60957091
0.49600000 0.60896164
0.49700000 0.60835298
0.49800000 0.60774493
0.49900000 0.60713749
0.50000000 0.60653066
0.50100000 0.60592443
0.50200000 0.60531881
0.50300000 0.60471379
0.50400000 0.60410938
0.50500000 0.60350558
0.50600000 0.60290237
0.50700000 0.60229977
0.50800000 0.60169777
0.50900000 0.60109637
0.51000000 0.60049558
0.51100000 0.59989538
0.51200000 0.59929579
0.51300000 0.59869679
0.51400000 0.59809839
0.51500000 0.59750059
0.51600000 0.59690339
0.51700000 0.59630679
0.51800000 0.59571078
0.51900000 0.59511537
0.52000000 0.59452055
0.52100000 0.59392632
0.52200000 0.59333270
0.52300000 0.59273966
0.52400000 0.59214722
0.52500000 0.59155536
0.52600000 0.59096410
0.52700000 0.59037344
0.52800000 0.58978336
0.52900000 0.58919387
0.53000000 0.58860497
0.53100000 0.58801666
0.53200000 0.58742894
0.53300000 0.58684180
0.53400000 0.58625525
0.53500000 0.58566929
0.53600000 0.58508391
0.53700000 0.58449912
0.53800000 0.58391492
0.53900000 0.58333129
0.54000000 0.58274825
0.54100000 0.58216580
0.54200000 0.58158392
0.54300000 0.58100263
0.54400000 0.58042192
0.54500000 0.57984178
0.54600000 0.57926223
0.54700000 0.57868326
0.54800000 0.57810486
0.54900000 0.57752705
0.55000000 0.57694981
0.55100000 0.57637315
0.55200000 0.57579706
0.55300000 0.57522155
0.55400000 0.57464662
0.55500000 0.57407226
0.55600000 0.57349848
0.55700000 0.57292526
0.55800000 0.57235263
0.55900000 0.57178056
0.56000000 0.57120906
0.56100000 0.57063814
0.56200000 0.57006779
0.56300000 0.56949800
0.56400000 0.56892879
0.56500000 0.56836015
0.56600000 0.56779207
0.56700000 0.56722456
0.56800000 0.56665762
0.56900000 0.56609125
0.57000000 0.56552544
0.57100000 0.56496020
0.57200000 0.56439552
0.57300000 0.56383140
0.57400000 0.56326786
0.57500000 0.56270487
0.57600000 0.56214245
0.57700000 0.56158058
0.57800000 0.56101928
0.57900000 0.56045854
0.58000000 0.55989837
0.58100000 0.55933875
0.58200000 0.55877969
0.58300000 0.55822119
0.58400000 0.55766325
0.58500000 0.55710586
0.58600000 0.55654903
0.58700000 0.55599276
0.58800000 0.55543705
0.58900000 0.55488189
0.59000000 0.55432728
0.59100000 0.55377323
0.59200000 0.55321974
0.59300000 0.55266679
0.59400000 0.55211440
0.59500000 0.55156257
0.59600000 0.55101128
0.59700000 0.55046054
0.59800000 0.54991036
0.59900000 0.54936072
0.60000000 0.54881164
0.60100000 0.54826310
0.60200000 0.54771511
0.60300000 0.54716767
0.60400000 0.54662077
0.60500000 0.54607443
0.60600000 0.54552863
0.60700000 0.54498337
0.60800000 0.54443866
0.60900000 0.54389449
0.61000000 0.54335087
0.61100000 0.54280779
0.61200000 0.54226525
0.61300000 0.54172326
0.61400000 0.54118181
0.61500000 0.54064090
0.61600000 0.54010052
0.61700000 0.53956069
0.61800000 0.53902140
0.61900000 0.53848265
0.62000000 0.53794444
0.62100000 0.53740676
0.62200000 0.53686962
0.62300000 0.53633302
0.62400000 0.53579696
0.62500000 0.53526143
0.62600000 0.53472643
0.62700000 0.53419198
0.62800000 0.53365805
0.62900000 0.53312466
0.63000000 0.53259180
0.63100000 0.53205948
0.63200000 0.53152768
0.63300000 0.53099642
0.63400000 0.53046569
0.63500000 0.52993549
0.63600000 0.52940582
0.63700000 0.52887668
0.63800000 0.52834806
0.63900000 0.52781998
0.64000000 0.52729242
0.64100000 0.52676540
0.64200000 0.52623889
0.64300000 0.52571292
0.64400000 0.52518747
0.64500000 0.52466254
0.64600000 0.52413814
0.64700000 0.52361427
0.64800000 0.52309091
0.64900000 0.52256808
0.65000000 0.52204578
0.65100000 0.52152399
0.65200000 0.52100273
0.65300000 0.52048199
0.65400000 0.51996176
0.65500000 0.51944206
0.65600000 0.51892288
0.65700000 0.51840422
0.65800000 0.51788607
0.65900000 0.51736844
0.66000000 0.51685133
0.66100000 0.51633474
0.66200000 0.51581866
0.66300000 0.51530310
0.66400000 0.51478806
0.66500000 0.51427353
0.66600000 0.51375951
0.66700000 0.51324601
0.66800000 0.51273302
0.66900000 0.51222054
0.67000000 0.51170858
0.67100000 0.51119712
0.67200000 0.51068618
0.67300000 0.51017575
0.67400000 0.50966583
0.67500000 0.50915642
0.67600000 0.50864752
0.67700000 0.50813913
0.67800000 0.50763124
0.67900000 0.50712386
0.68000000 0.50661699
0.68100000 0.50611063
0.68200000 0.50560477
0.68300000 0.50509942
0.68400000 0.50459457
0.68500000 0.50409023
0.68600000 0.50358639
0.68700000 0.50308306
0.68800000 0.50258023
0.68900000 0.50207790
0.69000000 0.50157607
0.69100000 0.50107474
0.69200000 0.50057392
0.69300000 0.50007360
0.69400000 0.49957377
0.69500000 0.49907445
0.69600000 0.49857562
0.69700000 0.49807730
0.69800000 0.49757947
0.69900000 0.49708214
0.70000000 0.49658530
0.70100000 0.49608897
0.70200000 0.49559313
0.70300000 0.49509778
0.70400000 0.49460293
0.70500000 0.49410857
0.70600000 0.49361471
0.70700000 0.49312134
0.70800000 0.49262847
0.70900000 0.49213609
0.71000000 0.49164420
0.71100000 0.49115280
0.71200000 0.49066189
0.71300000 0.49017148
0.71400000 0.48968155
0.71500000 0.48919211
0.71600000 0.48870316
0.71700000 0.48821471
0.71800000 0.48772673
0.71900000 0.48723925
0.72000000 0.48675226
0.72100000 0.48626575
0.72200000 0.48577972
0.72300000 0.48529419
0.72400000 0.48480914
0.72500000 0.48432457
0.72600000 0.48384049
0.72700000 0.48335689
0.72800000 0.48287377
0.72900000 0.48239114
0.73000000 0.48190899
0.73100000 0.48142732
0.73200000 0.48094614
0.73300000 0.48046543
0.73400000 0.47998520
0.73500000 0.47950546
0.73600000 0.47902619
0.73700000 0.47854741
0.73800000 0.47806910
0.73900000 0.47759127
0.74000000 0.47711392
0.74100000 0.47663704
0.74200000 0.47616064
0.74300000 0.47568472
0.74400000 0.47520927
0.74500000 0.47473430
0.74600000 0.47425980
0.74700000 0.47378578
0.74800000 0.47331223
0.74900000 0.47283916
0.75000000 0.47236655
0.75100000 0.47189442
0.75200000 0.47142276
0.75300000 0.47095158
0.75400000 0.47048086
0.75500000 0.47001061
0.75600000 0.46954084
0.75700000 0.46907153
0.75800000 0.46860270
0.75900000 0.46813433
0.76000000 0.46766643
0.76100000 0.46719899
0.76200000 0.46673203
0.76300000 0.46626553
0.76400000 0.46579950
0.76500000 0.46533393
0.76600000 0.46486883
0.76700000 0.46440419
0.76800000 0.46394002
0.76900000 0.46347631
0.77000000 0.46301307
0.77100000 0.46255029
0.77200000 0.46208797
0.77300000 0.46162611
0.77400000 0.46116472
0.77500000 0.46070378
0.77600000 0.46024331
0.77700000 0.45978329
0.77800000 0.45932374
0.77900000 0.45886465
0.78000000 0.45840601
0.78100000 0.45794783
0.78200000 0.45749012
0.78300000 0.45703285
0.78400000 0.45657605
0.78500000 0.45611970
0.78600000 0.45566381
0.78700000 0.45520837
0.78800000 0.45475339
0.78900000 0.45429887
0.79000000 0.45384480
0.79100000 0.45339118
0.79200000 0.45293801
0.79300000 0.45248530
0.79400000 0.45203304
0.79500000 0.45158123
0.79600000 0.45112988
0.79700000 0.45067898
0.79800000 0.45022852
0.79900000 0.44977852
0.80000000 0.44932896
0.80100000 0.44887986
0.80200000 0.44843120
0.80300000 0.44798300
0.80400000 0.44753524
0.80500000 0.44708793
0.80600000 0.44664106
0.80700000 0.44619464
0.80800000 0.44574867
0.80900000 0.44530315
0.81000000 0.44485807
0.81100000 0.44441343
0.81200000 0.44396924
0.81300000 0.44352549
0.81400000 0.44308219
0.81500000 0.44263933
0.81600000 0.44219691
0.81700000 0.44175493
0.81800000 0.44131340
0.81900000 0.44087231
0.82000000 0.44043165
0.82100000 0.43999144
0.82200000 0.43955167
0.82300000 0.43911234
0.82400000 0.43867345
0.82500000 0.43823499
0.82600000 0.43779698
0.82700000 0.43735940
0.82800000 0.43692226
0.82900000 0.43648555
0.83000000 0.43604929
0.83100000 0.43561345
0.83200000 0.43517806
0.83300000 0.43474310
0.83400000 0.43430857
0.83500000 0.43387448
0.83600000 0.43344082
0.83700000 0.43300760
0.83800000 0.43257481
0.83900000 0.43214245
0.84000000 0.43171052
0.84100000 0.43127903
0.84200000 0.43084797
0.84300000 0.43041733
0.84400000 0.42998713
0.84500000 0.42955736
0.84600000 0.42912802
0.84700000 0.42869910
0.84800000 0.42827062
0.84900000 0.42784256
0.85000000 0.42741493
0.85100000 0.42698773
0.85200000 0.42656096
0.85300000 0.42613461
0.85400000 0.42570869
0.85500000 0.42528319
0.85600000 0.42485812
0.85700000 0.42443347
0.85800000 0.42400925
0.85900000 0.42358546
0.86000000 0.42316208
0.86100000 0.42273913
0.86200000 0.42231660
0.86300000 0.42189450
0.86400000 0.42147281
0.86500000 0.42105155
0.86600000 0.42063071
0.86700000 0.42021029
0.86800000 0.41979029
0.86900000 0.41937071
0.87000000 0.41895155
0.87100000 0.41853281
0.87200000 0.41811448
0.87300000 0.41769658
0.87400000 0.41727909
0.87500000 0.41686202
0.87600000 0.41644537
0.87700000 0.41602913
0.87800000 0.41561331
0.87900000 0.41519790
0.88000000 0.41478291
0.88100000 0.41436834
0.88200000 0.41395417
0.88300000 0.41354043
0.88400000 0.41312709
0.88500000 0.41271417
0.88600000 0.41230167
0.88700000 0.41188957
0.88800000 0.41147789
0.88900000 0.41106661
0.89000000 0.41065575
0.89100000 0.41024530
0.89200000 0.40983526
0.89300000 0.40942563
0.89400000 0.40901641
0.89500000 0.40860760
0.89600000 0.40819920
0.89700000 0.40779120
0.89800000 0.40738361
0.89900000 0.40697643
0.90000000 0.40656966
0.90100000 0.40616329
0.90200000 0.40575733
0.90300000 0.40535178
0.90400000 0.40494663
0.90500000 0.40454189
0.90600000 0.40413755
0.90700000 0.40373361
0.90800000 0.40333008
0.90900000 0.40292695
0.91000000 0.40252422
0.91100000 0.40212190
0.91200000 0.40171998
0.91300000 0.40131846
0.91400000 0.40091734
0.91500000 0.40051663
0.91600000 0.40011631
0.91700000 0.39971639
0.91800000 0.39931688
0.91900000 0.39891776
0.92000000 0.39851904
0.92100000 0.39812072
0.92200000 0.39772280
0.92300000 0.39732528
0.92400000 0.39692815
0.92500000 0.39653142
0.92600000 0.39613509
0.92700000 0.39573915
0.92800000 0.39534361
0.92900000 0.39494846
0.93000000 0.39455371
0.93100000 0.39415935
0.93200000 0.39376539
0.93300000 0.39337182
0.93400000 0.39297865
0.93500000 0.39258587
0.93600000 0.39219348
0.93700000 0.39180148
0.93800000 0.39140987
0.93900000 0.39101866
0.94000000 0.39062784
0.94100000 0.39023740
0.94200000 0.38984736
0.94300000 0.38945771
0.94400000 0.38906844
0.94500000 0.38867957
0.94600000 0.38829109
0.94700000 0.38790299
0.94800000 0.38751528
0.94900000 0.38712796
0.95000000 0.38674102
0.95100000 0.38635448
0.95200000 0.38596831
0.95300000 0.38558254
0.95400000 0.38519715
0.95500000 0.38481214
0.95600000 0.38442752
0.95700000 0.38404329
0.95800000 0.38365944
0.95900000 0.38327597
0.96000000 0.38289289
0.96100000 0.38251018
0.96200000 0.38212787
0.96300000 0.38174593
0.96400000 0.38136437
0.96500000 0.38098320
0.96600000 0.38060241
0.96700000 0.38022199
0.96800000 0.37984196
0.96900000 0.37946231
0.97000000 0.37908304
0.97100000 0.37870414
0.97200000 0.37832563
0.97300000 0.37794749
0.97400000 0.37756973
0.97500000 0.37719235
0.97600000 0.37681535
0.97700000 0.37643872
0.97800000 0.37606247
0.97900000 0.37568660
0.98000000 0.37531110
0.98100000 0.37493598
0.98200000 0.37456123
0.98300000 0.37418685
0.98400000 0.37381285
0.98500000 0.37343923
0.98600000 0.37306597
0.98700000 0.37269309
0.98800000 0.37232059
0.98900000 0.37194845
0.99000000 0.37157669
0.99100000 0.37120530
0.99200000 0.37083428
0.99300000 0.37046363
0.99400000 0.37009335
0.99500000 0.36972344
0.99600000 0.36935391
0.99700000 0.36898474
0.99800000 0.36861594
0.99900000 0.36824750
1.00000000 0.36787944
1.00100000 0.36751175
1.00200000 0.36714442
1.00300000 0.36677746
1.00400000 0.36641086
1.00500000 0.36604463
1.00600000 0.36567877
1.00700000 0.36531328
1.00800000 0.36494815
1.00900000 0.36458338
1.01000000 0.36421898
1.01100000 0.36385494
1.01200000 0.36349127
1.01300000 0.36312796
1.01400000 0.36276501
1.01500000 0.36240243
1.01600000 0.36204021
1.01700000 0.36167835
1.01800000 0.36131685
1.01900000 0.36095572
1.02000000 0.36059494
1.02100000 0.36023453
1.02200000 0.35987447
1.02300000 0.35951478
1.02400000 0.35915544
1.02500000 0.35879647
1.02600000 0.35843785
1.02700000 0.35807959
1.02800000 0.35772169
1.02900000 0.35736415
1.03000000 0.35700696
1.03100000 0.35665013
1.03200000 0.35629366
1.03300000 0.35593754
1.03400000 0.35558178
1.03500000 0.35522638
1.03600000 0.35487133
1.03700000 0.35451664
1.03800000 0.35416230
1.03900000 0.35380831
1.04000000 0.35345468
1.04100000 0.35310140
1.04200000 0.35274848
1.04300000 0.35239591
1.04400000 0.35204369
1.04500000 0.35169182
1.04600000 0.35134030
1.04700000 0.35098914
1.04800000 0.35063832
1.04900000 0.35028786
1.05000000 0.34993775
1.05100000 0.34958799
1.05200000 0.34923857
1.05300000 0.34888951
1.05400000 0.34854079
1.05500000 0.34819243
1.05600000 0.34784441
1.05700000 0.34749674
1.05800000 0.34714942
1.05900000 0.34680244
1.06000000 0.34645581
1.06100000 0.34610953
1.06200000 0.34576359
1.06300000 0.34541800
1.06400000 0.34507275
1.06500000 0.34472785
1.06600000 0.34438330
1.06700000 0.34403909
1.06800000 0.34369522
1.06900000 0.34335170
1.07000000 0.34300852
1.07100000 0.34266568
1.07200000 0.34232319
1.07300000 0.34198103
1.07400000 0.34163922
1.07500000 0.34129776
1.07600000 0.34095663
1.07700000 0.34061584
1.07800000 0.34027540
1.07900000 0.33993529
1.08000000 0.33959553
1.08100000 0.33925610
1.08200000 0.33891701
1.08300000 0.33857827
1.08400000 0.33823986
1.08500000 0.33790179
1.08600000 0.33756405
1.08700000 0.33722666
1.08800000 0.33688960
1.08900000 0.33655288
1.09000000 0.33621649
1.09100000 0.33588045
1.09200000 0.33554473
1.09300000 0.33520936
1.09400000 0.33487431
1.09500000 0.33453961
1.09600000 0.33420523
1.09700000 0.33387120
1.09800000 0.33353749
1.09900000 0.33320412
1.10000000 0.33287108
1.10100000 0.33253838
1.10200000 0.33220601
1.10300000 0.33187397
1.10400000 0.33154226
1.10500000 0.33121088
1.10600000 0.33087984
1.10700000 0.33054912
1.10800000 0.33021874
1.10900000 0.32988868
1.11000000 0.32955896
1.11100000 0.32922957
1.11200000 0.32890050
1.11300000 0.32857177
1.11400000 0.32824336
1.11500000 0.32791528
1.11600000 0.32758753
1.11700000 0.32726010
1.11800000 0.32693301
1.11900000 0.32660624
1.12000000 0.32627979
1.12100000 0.32595368
1.12200000 0.32562789
1.12300000 0.32530242
1.12400000 0.32497728
1.12500000 0.32465247
1.12600000 0.32432798
1.12700000 0.32400381
1.12800000 0.32367997
1.12900000 0.32335645
1.13000000 0.32303326
1.13100000 0.32271038
1.13200000 0.32238784
1.13300000 0.32206561
1.13400000 0.32174370
1.13500000 0.32142212
1.13600000 0.32110086
1.13700000 0.32077992
1.13800000 0.32045930
1.13900000 0.32013900
1.14000000 0.31981902
1.14100000 0.31949936
1.14200000 0.31918002
1.14300000 0.31886100
1.14400000 0.31854230
1.14500000 0.31822392
1.14600000 0.31790585
1.14700000 0.31758811
1.14800000 0.31727068
1.14900000 0.31695356
1.15000000 0.31663677
1.15100000 0.31632029
1.15200000 0.31600413
1.15300000 0.31568828
1.15400000 0.31537275
1.15500000 0.31505754
1.15600000 0.31474264
1.15700000 0.31442805
1.15800000 0.31411378
1.15900000 0.31379982
1.16000000 0.31348618
1.16100000 0.31317285
1.16200000 0.31285983
1.16300000 0.31254713
1.16400000 0.31223474
1.16500000 0.31192266
1.16600000 0.31161090
1.16700000 0.31129944
1.16800000 0.31098830
1.16900000 0.31067746
1.17000000 0.31036694
1.17100000 0.31005673
1.17200000 0.30974683
1.17300000 0.30943724
1.17400000 0.30912795
1.17500000 0.30881898
1.17600000 0.30851031
1.17700000 0.30820196
1.17800000 0.30789391
1.17900000 0.30758617
1.18000000 0.30727874
1.18100000 0.30697161
1.18200000 0.30666480
1.18300000 0.30635828
1.18400000 0.30605208
1.18500000 0.30574618
1.18600000 0.30544059
1.18700000 0.30513530
1.18800000 0.30483032
1.18900000 0.30452564
1.19000000 0.30422126
1.19100000 0.30391719
1.19200000 0.30361343
1.19300000 0.30330997
1.19400000 0.30300681
1.19500000 0.30270395
1.19600000 0.30240140
1.19700000 0.30209915
1.19800000 0.30179720
1.19900000 0.30149556
1.20000000 0.30119421
1.20100000 0.30089317
1.20200000 0.30059243
1.20300000 0.30029198
1.20400000 0.29999184
1.20500000 0.29969200
1.20600000 0.29939246
1.20700000 0.29909321
1.20800000 0.29879427
1.20900000 0.29849563
1.21000000 0.29819728
1.21100000 0.29789923
1.21200000 0.29760148
1.21300000 0.29730403
1.21400000 0.29700687
1.21500000 0.29671001
1.21600000 0.29641345
1.21700000 0.29611719
1.21800000 0.29582122
1.21900000 0.29552554
1.22000000 0.29523017
1.22100000 0.29493508
1.22200000 0.29464030
1.22300000 0.29434580
1.22400000 0.29405160
1.22500000 0.29375770
1.22600000 0.29346409
1.22700000 0.29317077
1.22800000 0.29287775
1.22900000 0.29258502
1.23000000 0.29229258
1.23100000 0.29200043
1.23200000 0.29170858
1.23300000 0.29141701
1.23400000 0.29112574
1.23500000 0.29083476
1.23600000 0.29054407
1.23700000 0.29025367
1.23800000 0.28996357
1.23900000 0.28967375
1.24000000 0.28938422
1.24100000 0.28909498
1.24200000 0.28880603
1.24300000 0.28851737
1.24400000 0.28822899
1.24500000 0.28794091
1.24600000 0.28765311
1.24700000 0.28736560
1.24800000 0.28707838
1.24900000 0.28679144
1.25000000 0.28650480
1.25100000 0.28621844
1.25200000 0.28593236
1.25300000 0.28564657
1.25400000 0.28536107
1.25500000 0.28507585
1.25600000 0.28479091
1.25700000 0.28450627
1.25800000 0.28422190
1.25900000 0.28393782
1.26000000 0.28365403
1.26100000 0.28337051
1.26200000 0.28308729
1.26300000 0.28280434
1.26400000 0.28252168
1.26500000 0.28223930
1.26600000 0.28195720
1.26700000 0.28167538
1.26800000 0.28139385
1.26900000 0.28111259
1.27000000 0.28083162
1.27100000 0.28055093
1.27200000 0.28027052
1.27300000 0.27999039
1.27400000 0.27971054
1.27500000 0.27943097
1.27600000 0.27915168
1.27700000 0.27887266
1.27800000 0.27859393
1.27900000 0.27831548
1.28000000 0.27803730
1.28100000 0.27775940
1.28200000 0.27748178
1.28300000 0.27720444
1.28400000 0.27692737
1.28500000 0.27665058
1.28600000 0.27637407
1.28700000 0.27609784
1.28800000 0.27582188
1.28900000 0.27554619
1.29000000 0.27527078
1.29100000 0.27499565
1.29200000 0.27472079
1.29300000 0.27444621
1.29400000 0.27417190
1.29500000 0.27389786
1.29600000 0.27362410
1.29700000 0.27335062
1.29800000 0.27307740
1.29900000 0.27280446
1.30000000 0.27253179
1.30100000 0.27225940
1.30200000 0.27198727
1.30300000 0.27171542
1.30400000 0.27144384
1.30500000 0.27117253
1.30600000 0.27090150
1.30700000 0.27063073
1.30800000 0.27036024
1.30900000 0.27009001
1.31000000 0.26982006
1.31100000 0.26955037
1.31200000 0.26928096
1.31300000 0.26901181
1.31400000 0.26874293
1.31500000 0.26847432
1.31600000 0.26820598
1.31700000 0.26793791
1.31800000 0.26767011
1.31900000 0.26740257
1.32000000 0.26713530
1.32100000 0.26686830
1.32200000 0.26660157
1.32300000 0.26633510
1.32400000 0.26606889
1.32500000 0.26580296
1.32600000 0.26553729
1.32700000 0.26527188
1.32800000 0.26500674
1.32900000 0.26474187
1.33000000 0.26447726
1.33100000 0.26421292
1.33200000 0.26394884
1.33300000 0.26368502
1.33400000 0.26342147
1.33500000 0.26315818
1.33600000 0.26289515
1.33700000 0.26263238
1.33800000 0.26236988
1.33900000 0.26210765
1.34000000 0.26184567
1.34100000 0.26158395
1.34200000 0.26132250
1.34300000 0.26106131
1.34400000 0.26080038
1.34500000 0.26053971
1.34600000 0.26027930
1.34700000 0.26001915
1.34800000 0.25975926
1.34900000 0.25949963
1.35000000 0.25924026
1.35100000 0.25898115
1.35200000 0.25872230
1.35300000 0.25846371
1.35400000 0.25820537
1.35500000 0.25794729
1.35600000 0.25768948
1.35700000 0.25743192
1.35800000 0.25717461
1.35900000 0.25691757
1.36000000 0.25666078
1.36100000 0.25640424
1.36200000 0.25614797
1.36300000 0.25589195
1.36400000 0.25563618
1.36500000 0.25538068
1.36600000 0.25512542
1.36700000 0.25487042
1.36800000 0.25461568
1.36900000 0.25436119
1.37000000 0.25410696
1.37100000 0.25385298
1.37200000 0.25359925
1.37300000 0.25334578
1.37400000 0.25309256
1.37500000 0.25283960
1.37600000 0.25258688
1.37700000 0.25233442
1.37800000 0.25208221
1.37900000 0.25183026
1.38000000 0.25157855
1.38100000 0.25132710
1.38200000 0.25107590
1.38300000 0.25082495
1.38400000 0.25057425
1.38500000 0.25032380
1.38600000 0.25007360
1.38700000 0.24982365
1.38800000 0.24957395
1.38900000 0.24932450
1.39000000 0.24907530
1.39100000 0.24882635
1.39200000 0.24857765
1.39300000 0.24832920
1.39400000 0.24808099
1.39500000 0.24783304
1.39600000 0.24758533
1.39700000 0.24733787
1.39800000 0.24709065
1.39900000 0.24684368
1.40000000 0.24659696
1.40100000 0.24635049
1.40200000 0.24610426
1.40300000 0.24585828
1.40400000 0.24561255
1.40500000 0.24536706
1.40600000 0.24512181
1.40700000 0.24487681
1.40800000 0.24463206
1.40900000 0.24438755
1.41000000 0.24414328
1.41100000 0.24389926
1.41200000 0.24365548
1.41300000 0.24341195
1.41400000 0.24316866
1.41500000 0.24292561
1.41600000 0.24268281
1.41700000 0.24244025
1.41800000 0.24219793
1.41900000 0.24195585
1.42000000 0.24171402
1.42100000 0.24147242
1.42200000 0.24123107
1.42300000 0.24098996
1.42400000 0.24074909
1.42500000 0.24050846
1.42600000 0.24026807
1.42700000 0.24002793
1.42800000 0.23978802
1.42900000 0.23954835
1.43000000 0.23930892
1.43100000 0.23906973
1.43200000 0.23883078
1.43300000 0.23859207
1.43400000 0.23835360
1.43500000 0.23811536
1.43600000 0.23787737
1.43700000 0.23763961
1.43800000 0.23740209
1.43900000 0.23716480
1.44000000 0.23692776
1.44100000 0.23669095
1.44200000 0.23645438
1.44300000 0.23621804
1.44400000 0.23598194
1.44500000 0.23574608
1.44600000 0.23551045
1.44700000 0.23527506
1.44800000 0.23503990
1.44900000 0.23480498
1.45000000 0.23457029
1.45100000 0.23433583
1.45200000 0.23410162
1.45300000 0.23386763
1.45400000 0.23363388
1.45500000 0.23340036
1.45600000 0.23316708
1.45700000 0.23293403
1.45800000 0.23270121
1.45900000 0.23246863
1.46000000 0.23223627
1.46100000 0.23200415
1.46200000 0.23177227
1.46300000 0.23154061
1.46400000 0.23130918
1.46500000 0.23107799
1.46600000 0.23084703
1.46700000 0.23061630
1.46800000 0.23038580
1.46900000 0.23015553
1.47000000 0.22992548
1.47100000 0.22969567
1.47200000 0.22946609
1.47300000 0.22923674
1.47400000 0.22900762
1.47500000 0.22877873
1.47600000 0.22855006
1.47700000 0.22832163
1.47800000 0.22809342
1.47900000 0.22786544
1.48000000 0.22763769
1.48100000 0.22741016
1.48200000 0.22718287
1.48300000 0.22695580
1.48400000 0.22672896
1.48500000 0.22650234
1.48600000 0.22627595
1.48700000 0.22604979
1.48800000 0.22582385
1.48900000 0.22559814
1.49000000 0.22537266
1.49100000 0.22514740
1.49200000 0.22492236
1.49300000 0.22469755
1.49400000 0.22447297
1.49500000 0.22424860
1.49600000 0.22402447
1.49700000 0.22380056
1.49800000 0.22357687
1.49900000 0.22335340
1.50000000 0.22313016
1.50100000 0.22290714
1.50200000 0.22268435
1.50300000 0.22246177
1.50400000 0.22223942
1.50500000 0.22201729
1.50600000 0.22179539
1.50700000 0.22157370
1.50800000 0.22135224
1.50900000 0.22113100
1.51000000 0.22090998
1.51100000 0.22068918
1.51200000 0.22046860
1.51300000 0.22024824
1.51400000 0.22002810
1.51500000 0.21980818
1.51600000 0.21958849
1.51700000 0.21936901
1.51800000 0.21914975
1.51900000 0.21893071
1.52000000 0.21871189
1.52100000 0.21849328
1.52200000 0.21827490
1.52300000 0.21805673
1.52400000 0.21783879
1.52500000 0.21762106
1.52600000 0.21740354
1.52700000 0.21718625
1.52800000 0.21696917
1.52900000 0.21675231
1.53000000 0.21653567
1.53100000 0.21631924
1.53200000 0.21610303
1.53300000 0.21588703
1.53400000 0.21567125
1.53500000 0.21545569
1.53600000 0.21524034
1.53700000 0.21502521
1.53800000 0.21481029
1.53900000 0.21459559
1.54000000 0.21438110
1.54100000 0.21416683
1.54200000 0.21395277
1.54300000 0.21373892
1.54400000 0.21352529
1.54500000 0.21331187
1.54600000 0.21309867
1.54700000 0.21288567
1.54800000 0.21267289
1.54900000 0.21246033
1.55000000 0.21224797
1.55100000 0.21203583
1.55200000 0.21182390
1.55300000 0.21161218
1.55400000 0.21140068
1.55500000 0.21118938
1.55600000 0.21097830
1.55700000 0.21076743
1.55800000 0.21055676
1.55900000 0.21034631
1.56000000 0.21013607
1.56100000 0.20992604
1.56200000 0.20971622
1.56300000 0.20950661
1.56400000 0.20929721
1.56500000 0.20908801
1.56600000 0.20887903
1.56700000 0.20867025
1.56800000 0.20846169
1.56900000 0.20825333
1.57000000 0.20804518
1.57100000 0.20783724
1.57200000 0.20762951
1.57300000 0.20742198
1.57400000 0.20721466
1.57500000 0.20700755
1.57600000 0.20680065
1.57700000 0.20659395
1.57800000 0.20638746
1.57900000 0.20618118
1.58000000 0.20597510
1.58100000 0.20576923
1.58200000 0.20556356
1.58300000 0.20535810
1.58400000 0.20515284
1.58500000 0.20494779
1.58600000 0.20474295
1.58700000 0.20453831
1.58800000 0.20433387
1.58900000 0.20412964
1.59000000 0.20392561
1.59100000 0.20372179
1.59200000 0.20351817
1.59300000 0.20331475
1.59400000 0.20311154
1.59500000 0.20290853
1.59600000 0.20270572
1.59700000 0.20250312
1.59800000 0.20230071
1.59900000 0.20209851
1.60000000 0.20189652
1.60100000 0.20169472
1.60200000 0.20149313
1.60300000 0.20129174
1.60400000 0.20109054
1.60500000 0.20088955
1.60600000 0.20068877
1.60700000 0.20048818
1.60800000 0.20028779
1.60900000 0.20008760
1.61000000 0.19988761
1.61100000 0.19968783
1.61200000 0.19948824
1.61300000 0.19928885
1.61400000 0.19908966
1.61500000 0.19889067
1.61600000 0.19869188
1.61700000 0.19849329
1.61800000 0.19829489
1.61900000 0.19809670
1.62000000 0.19789870
1.62100000 0.19770090
1.62200000 0.19750330
1.62300000 0.19730589
1.62400000 0.19710868
1.62500000 0.19691167
1.62600000 0.19671486
1.62700000 0.19651824
1.62800000 0.19632182
1.62900000 0.19612560
1.63000000 0.19592957
1.63100000 0.19573374
1.63200000 0.19553811
1.63300000 0.19534267
1.63400000 0.19514742
1.63500000 0.19495237
1.63600000 0.19475752
1.63700000 0.19456286
1.63800000 0.19436839
1.63900000 0.19417412
1.64000000 0.19398004
1.64100000 0.19378616
1.64200000 0.19359247
1.64300000 0.19339897
1.64400000 0.19320567
1.64500000 0.19301256
1.64600000 0.19281965
1.64700000 0.19262692
1.64800000 0.19243439
1.64900000 0.19224205
1.65000000 0.19204991
1.65100000 0.19185795
1.65200000 0.19166619
1.65300000 0.19147462
1.65400000 0.19128324
1.65500000 0.19109205
1.65600000 0.19090106
1.65700000 0.19071025
1.65800000 0.19051964
1.65900000 0.19032921
1.66000000 0.19013898
1.66100000 0.18994894
1.66200000 0.18975908
1.66300000 0.18956942
1.66400000 0.18937994
1.66500000 0.18919066
1.66600000 0.18900156
1.66700000 0.18881265
1.66800000 0.18862394
1.66900000 0.18843541
1.67000000 0.18824706
1.67100000 0.18805891
1.67200000 0.18787095
1.67300000 0.18768317
1.67400000 0.18749558
1.67500000 0.18730818
1.67600000 0.18712096
1.67700000 0.18693394
1.67800000 0.18674710
1.67900000 0.18656044
1.68000000 0.18637398
1.68100000 0.18618769
1.68200000 0.18600160
1.68300000 0.18581569
1.68400000 0.18562997
1.68500000 0.18544443
1.68600000 0.18525908
1.68700000 0.18507391
1.68800000 0.18488893
1.68900000 0.18470413
1.69000000 0.18451952
1.69100000 0.18433510
1.69200000 0.18415085
1.69300000 0.18396679
1.69400000 0.18378292
1.69500000 0.18359923
1.69600000 0.18341572
1.69700000 0.18323240
1.69800000 0.18304926
1.69900000 0.18286630
1.70000000 0.18268352
1.70100000 0.18250093
1.70200000 0.18231852
1.70300000 0.18213629
1.70400000 0.18195425
1.70500000 0.18177239
1.70600000 0.18159070
1.70700000 0.18140920
1.70800000 0.18122788
1.70900000 0.18104675
1.71000000 0.18086579
1.71100000 0.18068502
1.71200000 0.18050442
1.71300000 0.18032401
1.71400000 0.18014377
1.71500000 0.17996372
1.71600000 0.17978385
1.71700000 0.17960415
1.71800000 0.17942464
1.71900000 0.17924530
1.72000000 0.17906615
1.72100000 0.17888717
1.72200000 0.17870837
1.72300000 0.17852975
1.72400000 0.17835131
1.72500000 0.17817305
1.72600000 0.17799497
1.72700000 0.17781706
1.72800000 0.17763933
1.72900000 0.17746178
1.73000000 0.17728441
1.73100000 0.17710721
1.73200000 0.17693019
1.73300000 0.17675335
1.73400000 0.17657669
1.73500000 0.17640020
1.73600000 0.17622389
1.73700000 0.17604775
1.73800000 0.17587179
1.73900000 0.17569601
1.74000000 0.17552040
1.74100000 0.17534497
1.74200000 0.17516971
1.74300000 0.17499463
1.74400000 0.17481972
1.74500000 0.17464499
1.74600000 0.17447043
1.74700000 0.17429605
1.74800000 0.17412184
1.74900000 0.17394780
1.75000000 0.17377394
1.75100000 0.17360025
1.75200000 0.17342674
1.75300000 0.17325340
1.75400000 0.17308023
1.75500000 0.17290724
1.75600000 0.17273442
1.75700000 0.17256177
1.75800000 0.17238930
1.75900000 0.17221699
1.76000000 0.17204486
1.76100000 0.17187290
1.76200000 0.17170112
1.76300000 0.17152950
1.76400000 0.17135806
1.76500000 0.17118678
1.76600000 0.17101568
1.76700000 0.17084475
1.76800000 0.17067399
1.76900000 0.17050341
1.77000000 0.17033299
1.77100000 0.17016274
1.77200000 0.16999266
1.77300000 0.16982275
1.77400000 0.16965302
1.77500000 0.16948345
1.77600000 0.16931405
1.77700000 0.16914482
1.77800000 0.16897576
1.77900000 0.16880687
1.78000000 0.16863815
1.78100000 0.16846959
1.78200000 0.16830121
1.78300000 0.16813299
1.78400000 0.16796494
1.78500000 0.16779706
1.78600000 0.16762935
1.78700000 0.16746180
1.78800000 0.16729442
1.78900000 0.16712721
1.79000000 0.16696017
1.79100000 0.16679329
1.79200000 0.16662658
1.79300000 0.16646004
1.79400000 0.16629366
1.79500000 0.16612745
1.79600000 0.16596141
1.79700000 0.16579553
1.79800000 0.16562981
1.79900000 0.16546427
1.80000000 0.16529889
1.80100000 0.16513367
1.80200000 0.16496862
1.80300000 0.16480373
1.80400000 0.16463901
1.80500000 0.16447445
1.80600000 0.16431006
1.80700000 0.16414583
1.80800000 0.16398177
1.80900000 0.16381787
1.81000000 0.16365413
1.81100000 0.16349056
1.81200000 0.16332715
1.81300000 0.16316391
1.81400000 0.16300083
1.81500000 0.16283791
1.81600000 0.16267515
1.81700000 0.16251256
1.81800000 0.16235012
1.81900000 0.16218786
1.82000000 0.16202575
1.82100000 0.16186380
1.82200000 0.16170202
1.82300000 0.16154040
1.82400000 0.16137894
1.82500000 0.16121764
1.82600000 0.16105650
1.82700000 0.16089553
1.82800000 0.16073471
1.82900000 0.16057406
1.83000000 0.16041357
1.83100000 0.16025323
1.83200000 0.16009306
1.83300000 0.15993305
1.83400000 0.15977319
1.83500000 0.15961350
1.83600000 0.15945397
1.83700000 0.15929459
1.83800000 0.15913538
1.83900000 0.15897632
1.84000000 0.15881742
1.84100000 0.15865869
1.84200000 0.15850011
1.84300000 0.15834169
1.84400000 0.15818342
1.84500000 0.15802532
1.84600000 0.15786737
1.84700000 0.15770958
1.84800000 0.15755195
1.84900000 0.15739448
1.85000000 0.15723716
1.85100000 0.15708001
1.85200000 0.15692300
1.85300000 0.15676616
1.85400000 0.15660947
1.85500000 0.15645294
1.85600000 0.15629657
1.85700000 0.15614035
1.85800000 0.15598428
1.85900000 0.15582838
1.86000000 0.15567263
1.86100000 0.15551703
1.86200000 0.15536159
1.86300000 0.15520631
1.86400000 0.15505118
1.86500000 0.15489621
1.86600000 0.15474139
1.86700000 0.15458672
1.86800000 0.15443221
1.86900000 0.15427786
1.87000000 0.15412366
1.87100000 0.15396961
1.87200000 0.15381572
1.87300000 0.15366198
1.87400000 0.15350840
1.87500000 0.15335496
1.87600000 0.15320169
1.87700000 0.15304856
1.87800000 0.15289559
1.87900000 0.15274277
1.88000000 0.15259010
1.88100000 0.15243759
1.88200000 0.15228523
1.88300000 0.15213302
1.88400000 0.15198096
1.88500000 0.15182906
1.88600000 0.15167730
1.88700000 0.15152570
1.88800000 0.15137425
1.88900000 0.15122295
1.89000000 0.15107181
1.89100000 0.15092081
1.89200000 0.15076996
1.89300000 0.15061927
1.89400000 0.15046873
1.89500000 0.15031833
1.89600000 0.15016809
1.89700000 0.15001800
1.89800000 0.14986805
1.89900000 0.14971826
1.90000000 0.14956862
1.90100000 0.14941912
1.90200000 0.14926978
1.90300000 0.14912058
1.90400000 0.14897154
1.90500000 0.14882264
1.90600000 0.14867389
1.90700000 0.14852529
1.90800000 0.14837684
1.90900000 0.14822854
1.91000000 0.14808038
1.91100000 0.14793238
1.91200000 0.14778452
1.91300000 0.14763681
1.91400000 0.14748924
1.91500000 0.14734183
1.91600000 0.14719456
1.91700000 0.14704744
1.91800000 0.14690047
1.91900000 0.14675364
1.92000000 0.14660696
1.92100000 0.14646042
1.92200000 0.14631404
1.92300000 0.14616780
1.92400000 0.14602170
1.92500000 0.14587575
1.92600000 0.14572995
1.92700000 0.14558429
1.92800000 0.14543878
1.92900000 0.14529342
1.93000000 0.14514819
1.93100000 0.14500312
1.93200000 0.14485819
1.93300000 0.14471340
1.93400000 0.14456876
1.93500000 0.14442427
1.93600000 0.14427991
1.93700000 0.14413571
1.93800000 0.14399164
1.93900000 0.14384772
1.94000000 0.14370395
1.94100000 0.14356031
1.94200000 0.14341683
1.94300000 0.14327348
1.94400000 0.14313028
1.94500000 0.14298722
1.94600000 0.14284430
1.94700000 0.14270153
1.94800000 0.14255890
1.94900000 0.14241641
1.95000000 0.14227407
1.95100000 0.14213186
1.95200000 0.14198980
1.95300000 0.14184788
1.95400000 0.14170611
1.95500000 0.14156447
1.95600000 0.14142298
1.95700000 0.14128163
1.95800000 0.14114042
1.95900000 0.14099935
1.96000000 0.14085842
1.96100000 0.14071763
1.96200000 0.14057698
1.96300000 0.14043647
1.96400000 0.14029611
1.96500000 0.14015588
1.96600000 0.14001580
1.96700000 0.13987585
1.96800000 0.13973604
1.96900000 0.13959638
1.97000000 0.13945685
1.97100000 0.13931746
1.97200000 0.13917822
1.97300000 0.13903911
1.97400000 0.13890014
1.97500000 0.13876131
1.97600000 0.13862262
1.97700000 0.13848406
1.97800000 0.13834565
1.97900000 0.13820737
1.98000000 0.13806923
1.98100000 0.13793123
1.98200000 0.13779337
1.98300000 0.13765565
1.98400000 0.13751806
1.98500000 0.13738061
1.98600000 0.13724330
1.98700000 0.13710612
1.98800000 0.13696909
1.98900000 0.13683218
1.99000000 0.13669542
1.99100000 0.13655879
1.99200000 0.13642230
1.99300000 0.13628595
1.99400000 0.13614973
1.99500000 0.13601365
1.99600000 0.13587770
1.99700000 0.13574189
1.99800000 0.13560622
1.99900000 0.13547068
2.00000000 0.13533528
2.00100000 0.13520001
2.00200000 0.13506488
2.00300000 0.13492988
2.00400000 0.13479502
2.00500000 0.13466029
2.00600000 0.13452570
2.00700000 0.13439124
2.00800000 0.13425691
2.00900000 0.13412272
2.01000000 0.13398867
2.01100000 0.13385475
2.01200000 0.13372096
2.01300000 0.13358731
2.01400000 0.13345378
2.01500000 0.13332040
2.01600000 0.13318714
2.01700000 0.13305402
2.01800000 0.13292104
2.01900000 0.13278818
2.02000000 0.13265546
2.02100000 0.13252287
2.02200000 0.13239041
2.02300000 0.13225809
2.02400000 0.13212590
2.02500000 0.13199384
2.02600000 0.13186191
2.02700000 0.13173011
2.02800000 0.13159845
2.02900000 0.13146692
2.03000000 0.13133552
2.03100000 0.13120425
2.03200000 0.13107311
2.03300000 0.13094210
2.03400000 0.13081122
2.03500000 0.13068048
2.03600000 0.13054986
2.03700000 0.13041938
2.03800000 0.13028902
2.03900000 0.13015880
2.04000000 0.13002870
2.04100000 0.12989874
2.04200000 0.12976891
2.04300000 0.12963920
2.04400000 0.12950963
2.04500000 0.12938018
2.04600000 0.12925087
2.04700000 0.12912168
2.04800000 0.12899262
2.04900000 0.12886370
2.05000000 0.12873490
2.05100000 0.12860623
2.05200000 0.12847768
2.05300000 0.12834927
2.05400000 0.12822099
2.05500000 0.12809283
2.05600000 0.12796480
2.05700000 0.12783690
2.05800000 0.12770913
2.05900000 0.12758148
2.06000000 0.12745396
2.06100000 0.12732657
2.06200000 0.12719931
2.06300000 0.12707217
2.06400000 0.12694517
2.06500000 0.12681828
2.06600000 0.12669153
2.06700000 0.12656490
2.06800000 0.12643840
2.06900000 0.12631202
2.07000000 0.12618577
2.07100000 0.12605965
2.07200000 0.12593365
2.07300000 0.12580778
2.07400000 0.12568204
2.07500000 0.12555642
2.07600000 0.12543093
2.07700000 0.12530556
2.07800000 0.12518032
2.07900000 0.12505520
2.08000000 0.12493020
2.08100000 0.12480534
2.08200000 0.12468059
2.08300000 0.12455598
2.08400000 0.12443148
2.08500000 0.12430711
2.08600000 0.12418287
2.08700000 0.12405875
2.08800000 0.12393475
2.08900000 0.12381088
2.09000000 0.12368713
2.09100000 0.12356350
2.09200000 0.12344000
2.09300000 0.12331662
2.09400000 0.12319337
2.09500000 0.12307024
2.09600000 0.12294723
2.09700000 0.12282434
2.09800000 0.12270158
2.09900000 0.12257894
2.10000000 0.12245642
2.10100000 0.12233402
2.10200000 0.12221175
2.10300000 0.12208960
2.10400000 0.12196757
2.10500000 0.12184567
2.10600000 0.12172388
2.10700000 0.12160222
2.10800000 0.12148068
2.10900000 0.12135926
2.11000000 0.12123796
2.11100000 0.12111678
2.11200000 0.12099572
2.11300000 0.12087479
2.11400000 0.12075397
2.11500000 0.12063328
2.11600000 0.12051271
2.11700000 0.12039225
2.11800000 0.12027192
2.11900000 0.12015171
2.12000000 0.12003162
2.12100000 0.11991165
2.12200000 0.11979180
2.12300000 0.11967206
2.12400000 0.11955245
2.12500000 0.11943296
2.12600000 0.11931359
2.12700000 0.11919433
2.12800000 0.11907520
2.12900000 0.11895618
2.13000000 0.11883728
2.13100000 0.11871851
2.13200000 0.11859985
2.13300000 0.11848131
2.13400000 0.11836288
2.13500000 0.11824458
2.13600000 0.11812639
2.13700000 0.11800833
2.13800000 0.11789038
2.13900000 0.11777255
2.14000000 0.11765483
2.14100000 0.11753724
2.14200000 0.11741976
2.14300000 0.11730240
2.14400000 0.11718515
2.14500000 0.11706803
2.14600000 0.11695102
2.14700000 0.11683412
2.14800000 0.11671735
2.14900000 0.11660069
2.15000000 0.11648415
2.15100000 0.11636772
2.15200000 0.11625141
2.15300000 0.11613522
2.15400000 0.11601914
2.15500000 0.11590318
2.15600000 0.11578733
2.15700000 0.11567160
2.15800000 0.11555599
2.15900000 0.11544049
2.16000000 0.11532511
2.16100000 0.11520984
2.16200000 0.11509469
2.16300000 0.11497965
2.16400000 0.11486473
2.16500000 0.11474992
2.16600000 0.11463523
2.16700000 0.11452065
2.16800000 0.11440619
2.16900000 0.11429184
2.17000000 0.11417760
2.17100000 0.11406348
2.17200000 0.11394948
2.17300000 0.11383559
2.17400000 0.11372181
2.17500000 0.11360814
2.17600000 0.11349459
2.17700000 0.11338115
2.17800000 0.11326783
2.17900000 0.11315462
2.18000000 0.11304152
2.18100000 0.11292853
2.18200000 0.11281566
2.18300000 0.11270290
2.18400000 0.11259025
2.18500000 0.11247772
2.18600000 0.11236530
2.18700000 0.11225299
2.18800000 0.11214079
2.18900000 0.11202871
2.19000000 0.11191674
2.19100000 0.11180487
2.19200000 0.11169313
2.19300000 0.11158149
2.19400000 0.11146996
2.19500000 0.11135855
2.19600000 0.11124724
2.19700000 0.11113605
2.19800000 0.11102497
2.19900000 0.11091400
2.20000000 0.11080314
2.20100000 0.11069240
2.20200000 0.11058176
2.20300000 0.11047123
2.20400000 0.11036082
2.20500000 0.11025051
2.20600000 0.11014032
2.20700000 0.11003023
2.20800000 0.10992025
2.20900000 0.10981039
2.21000000 0.10970063
2.21100000 0.10959099
2.21200000 0.10948145
2.21300000 0.10937202
2.21400000 0.10926271
2.21500000 0.10915350
2.21600000 0.10904440
2.21700000 0.10893541
2.21800000 0.10882653
2.21900000 0.10871776
2.22000000 0.10860909
2.22100000 0.10850054
2.22200000 0.10839209
2.22300000 0.10828375
2.22400000 0.10817552
2.22500000 0.10806740
2.22600000 0.10795939
2.22700000 0.10785148
2.22800000 0.10774369
2.22900000 0.10763600
2.23000000 0.10752841
2.23100000 0.10742094
2.23200000 0.10731357
2.23300000 0.10720631
2.23400000 0.10709916
2.23500000 0.10699211
2.23600000 0.10688517
2.23700000 0.10677834
2.23800000 0.10667162
2.23900000 0.10656500
2.24000000 0.10645849
2.24100000 0.10635208
2.24200000 0.10624578
2.24300000 0.10613959
2.24400000 0.10603350
2.24500000 0.10592752
2.24600000 0.10582165
2.24700000 0.10571588
2.24800000 0.10561022
2.24900000 0.10550466
2.25000000 0.10539921
2.25100000 0.10529386
2.25200000 0.10518862
2.25300000 0.10508348
2.25400000 0.10497845
2.25500000 0.10487353
2.25600000 0.10476870
2.25700000 0.10466399
2.25800000 0.10455938
2.25900000 0.10445487
2.26000000 0.10435047
2.26100000 0.10424617
2.26200000 0.10414197
2.26300000 0.10403788
2.26400000 0.10393390
2.26500000 0.10383002
2.26600000 0.10372624
2.26700000 0.10362256
2.26800000 0.10351899
2.26900000 0.10341552
2.27000000 0.10331216
2.27100000 0.10320890
2.27200000 0.10310574
2.27300000 0.10300269
2.27400000 0.10289974
2.27500000 0.10279689
2.27600000 0.10269414
2.27700000 0.10259150
2.27800000 0.10248896
2.27900000 0.10238652
2.28000000 0.10228419
2.28100000 0.10218195
2.28200000 0.10207982
2.28300000 0.10197779
2.28400000 0.10187587
2.28500000 0.10177404
2.28600000 0.10167232
2.28700000 0.10157070
2.28800000 0.10146918
2.28900000 0.10136776
2.29000000 0.10126644
2.29100000 0.10116522
2.29200000 0.10106411
2.29300000 0.10096310
2.29400000 0.10086218
2.29500000 0.10076137
2.29600000 0.10066066
2.29700000 0.10056005
2.29800000 0.10045954
2.29900000 0.10035913
2.30000000 0.10025882
2.30100000 0.10015861
2.30200000 0.10005850
2.30300000 0.09995849
2.30400000 0.09985859
2.30500000 0.09975878
2.30600000 0.09965907
2.30700000 0.09955946
2.30800000 0.09945995
2.30900000 0.09936054
2.31000000 0.09926123
2.31100000 0.09916202
2.31200000 0.09906290
2.31300000 0.09896389
2.31400000 0.09886497
2.31500000 0.09876616
2.31600000 0.09866744
2.31700000 0.09856882
2.31800000 0.09847030
2.31900000 0.09837188
2.32000000 0.09827356
2.32100000 0.09817534
2.32200000 0.09807721
2.32300000 0.09797918
2.32400000 0.09788125
2.32500000 0.09778342
2.32600000 0.09768568
2.32700000 0.09758805
2.32800000 0.09749051
2.32900000 0.09739306
2.33000000 0.09729572
2.33100000 0.09719847
2.33200000 0.09710132
2.33300000 0.09700427
2.33400000 0.09690731
2.33500000 0.09681046
2.33600000 0.09671369
2.33700000 0.09661703
2.33800000 0.09652046
2.33900000 0.09642399
2.34000000 0.09632761
2.34100000 0.09623133
2.34200000 0.09613515
2.34300000 0.09603906
2.34400000 0.09594307
2.34500000 0.09584717
2.34600000 0.09575137
2.34700000 0.09565567
2.34800000 0.09556006
2.34900000 0.09546455
2.35000000 0.09536913
2.35100000 0.09527381
2.35200000 0.09517858
2.35300000 0.09508345
2.35400000 0.09498842
2.35500000 0.09489348
2.35600000 0.09479863
2.35700000 0.09470388
2.35800000 0.09460922
2.35900000 0.09451466
2.36000000 0.09442019
2.36100000 0.09432582
2.36200000 0.09423154
2.36300000 0.09413736
2.36400000 0.09404326
2.36500000 0.09394927
2.36600000 0.09385537
2.36700000 0.09376156
2.36800000 0.09366784
2.36900000 0.09357422
2.37000000 0.09348069
2.37100000 0.09338726
2.37200000 0.09329392
2.37300000 0.09320067
2.37400000 0.09310752
2.37500000 0.09301446
2.37600000 0.09292149
2.37700000 0.09282861
2.37800000 0.09273583
2.37900000 0.09264314
2.38000000 0.09255054
2.38100000 0.09245804
2.38200000 0.09236563
2.38300000 0.09227331
2.38400000 0.09218108
2.38500000 0.09208894
2.38600000 0.09199690
2.38700000 0.09190495
2.38800000 0.09181309
2.38900000 0.09172132
2.39000000 0.09162965
2.39100000 0.09153806
2.39200000 0.09144657
2.39300000 0.09135517
2.39400000 0.09126386
2.39500000 0.09117264
2.39600000 0.09108151
2.39700000 0.09099048
2.39800000 0.09089953
2.39900000 0.09080868
2.40000000 0.09071792
2.40100000 0.09062724
2.40200000 0.09053666
2.40300000 0.09044617
2.40400000 0.09035577
2.40500000 0.09026546
2.40600000 0.09017524
2.40700000 0.09008511
2.40800000 0.08999507
2.40900000 0.08990512
2.41000000 0.08981525
2.41100000 0.08972548
2.41200000 0.08963580
2.41300000 0.08954621
2.41400000 0.08945671
2.41500000 0.08936730
2.41600000 0.08927798
2.41700000 0.08918874
2.41800000 0.08909960
2.41900000 0.08901054
2.42000000 0.08892158
2.42100000 0.08883270
2.42200000 0.08874391
2.42300000 0.08865521
2.42400000 0.08856660
2.42500000 0.08847808
2.42600000 0.08838964
2.42700000 0.08830130
2.42800000 0.08821304
2.42900000 0.08812487
2.43000000 0.08803679
2.43100000 0.08794880
2.43200000 0.08786089
2.43300000 0.08777307
2.43400000 0.08768534
2.43500000 0.08759770
2.43600000 0.08751015
2.43700000 0.08742268
2.43800000 0.08733530
2.43900000 0.08724801
2.44000000 0.08716081
2.44100000 0.08707369
2.44200000 0.08698666
2.44300000 0.08689971
2.44400000 0.08681286
2.44500000 0.08672609
2.44600000 0.08663940
2.44700000 0.08655281
2.44800000 0.08646630
2.44900000 0.08637987
2.45000000 0.08629354
2.45100000 0.08620729
2.45200000 0.08612112
2.45300000 0.08603504
2.45400000 0.08594905
2.45500000 0.08586315
2.45600000 0.08577733
2.45700000 0.08569159
2.45800000 0.08560594
2.45900000 0.08552038
2.46000000 0.08543490
2.46100000 0.08534951
2.46200000 0.08526420
2.46300000 0.08517898
2.46400000 0.08509384
2.46500000 0.08500879
2.46600000 0.08492382
2.46700000 0.08483894
2.46800000 0.08475414
2.46900000 0.08466943
2.47000000 0.08458481
2.47100000 0.08450026
2.47200000 0.08441580
2.47300000 0.08433143
2.47400000 0.08424714
2.47500000 0.08416294
2.47600000 0.08407881
2.47700000 0.08399478
2.47800000 0.08391082
2.47900000 0.08382695
2.48000000 0.08374317
2.48100000 0.08365947
2.48200000 0.08357585
2.48300000 0.08349231
2.48400000 0.08340886
2.48500000 0.08332550
2.48600000 0.08324221
2.48700000 0.08315901
2.48800000 0.08307589
2.48900000 0.08299286
2.49000000 0.08290991
2.49100000 0.08282704
2.49200000 0.08274425
2.49300000 0.08266155
2.49400000 0.08257893
2.49500000 0.08249639
2.49600000 0.08241393
2.49700000 0.08233156
2.49800000 0.08224927
2.49900000 0.08216706
2.50000000 0.08208494
2.50100000 0.08200289
2.50200000 0.08192093
2.50300000 0.08183905
2.50400000 0.08175725
2.50500000 0.08167553
2.50600000 0.08159390
2.50700000 0.08151235
2.50800000 0.08143087
2.50900000 0.08134948
2.51000000 0.08126817
2.51100000 0.08118695
2.51200000 0.08110580
2.51300000 0.08102473
2.51400000 0.08094375
2.51500000 0.08086284
2.51600000 0.08078202
2.51700000 0.08070128
2.51800000 0.08062062
2.51900000 0.08054004
2.52000000 0.08045954
2.52100000 0.08037912
2.52200000 0.08029878
2.52300000 0.08021852
2.52400000 0.08013834
2.52500000 0.08005824
2.52600000 0.07997822
2.52700000 0.07989828
2.52800000 0.07981843
2.52900000 0.07973865
2.53000000 0.07965895
2.53100000 0.07957933
2.53200000 0.07949979
2.53300000 0.07942033
2.53400000 0.07934095
2.53500000 0.07926164
2.53600000 0.07918242
2.53700000 0.07910328
2.53800000 0.07902421
2.53900000 0.07894523
2.54000000 0.07886632
2.54100000 0.07878750
2.54200000 0.07870875
2.54300000 0.07863008
2.54400000 0.07855149
2.54500000 0.07847297
2.54600000 0.07839454
2.54700000 0.07831618
2.54800000 0.07823791
2.54900000 0.07815971
2.55000000 0.07808159
2.55100000 0.07800354
2.55200000 0.07792558
2.55300000 0.07784769
2.55400000 0.07776988
2.55500000 0.07769215
2.55600000 0.07761450
2.55700000 0.07753692
2.55800000 0.07745942
2.55900000 0.07738200
2.56000000 0.07730466
2.56100000 0.07722739
2.56200000 0.07715020
2.56300000 0.07707309
2.56400000 0.07699605
2.56500000 0.07691909
2.56600000 0.07684221
2.56700000 0.07676541
2.56800000 0.07668868
2.56900000 0.07661203
2.57000000 0.07653546
2.57100000 0.07645896
2.57200000 0.07638254
2.57300000 0.07630619
2.57400000 0.07622992
2.57500000 0.07615373
2.57600000 0.07607762
2.57700000 0.07600158
2.57800000 0.07592561
2.57900000 0.07584972
2.58000000 0.07577391
2.58100000 0.07569817
2.58200000 0.07562251
2.58300000 0.07554693
2.58400000 0.07547142
2.58500000 0.07539598
2.58600000 0.07532063
2.58700000 0.07524534
2.58800000 0.07517013
2.58900000 0.07509500
2.59000000 0.07501994
2.59100000 0.07494496
2.59200000 0.07487005
2.59300000 0.07479522
2.59400000 0.07472046
2.59500000 0.07464578
2.59600000 0.07457117
2.59700000 0.07449663
2.59800000 0.07442217
2.59900000 0.07434779
2.60000000 0.07427348
2.60100000 0.07419924
2.60200000 0.07412508
2.60300000 0.07405099
2.60400000 0.07397697
2.60500000 0.07390303
2.60600000 0.07382916
2.60700000 0.07375537
2.60800000 0.07368165
2.60900000 0.07360801
2.61000000 0.07353444
2.61100000 0.07346094
2.61200000 0.07338751
2.61300000 0.07331416
2.61400000 0.07324088
2.61500000 0.07316768
2.61600000 0.07309455
2.61700000 0.07302149
2.61800000 0.07294850
2.61900000 0.07287559
2.62000000 0.07280275
2.62100000 0.07272998
2.62200000 0.07265729
2.62300000 0.07258467
2.62400000 0.07251212
2.62500000 0.07243964
2.62600000 0.07236724
2.62700000 0.07229490
2.62800000 0.07222264
2.62900000 0.07215046
2.63000000 0.07207834
2.63100000 0.07200630
2.63200000 0.07193433
2.63300000 0.07186243
2.63400000 0.07179060
2.63500000 0.07171885
2.63600000 0.07164716
2.63700000 0.07157555
2.63800000 0.07150401
2.63900000 0.07143254
2.64000000 0.07136114
2.64100000 0.07128982
2.64200000 0.07121856
2.64300000 0.07114738
2.64400000 0.07107627
2.64500000 0.07100522
2.64600000 0.07093425
2.64700000 0.07086335
2.64800000 0.07079253
2.64900000 0.07072177
2.65000000 0.07065108
2.65100000 0.07058046
2.65200000 0.07050992
2.65300000 0.07043944
2.65400000 0.07036904
2.65500000 0.07029870
2.65600000 0.07022844
2.65700000 0.07015824
2.65800000 0.07008812
2.65900000 0.07001807
2.66000000 0.06994808
2.66100000 0.06987817
2.66200000 0.06980832
2.66300000 0.06973855
2.66400000 0.06966885
2.66500000 0.06959921
2.66600000 0.06952965
2.66700000 0.06946015
2.66800000 0.06939072
2.66900000 0.06932137
2.67000000 0.06925208
2.67100000 0.06918286
2.67200000 0.06911371
2.67300000 0.06904463
2.67400000 0.06897562
2.67500000 0.06890668
2.67600000 0.06883781
2.67700000 0.06876900
2.67800000 0.06870027
2.67900000 0.06863160
2.68000000 0.06856300
2.68100000 0.06849447
2.68200000 0.06842601
2.68300000 0.06835762
2.68400000 0.06828929
2.68500000 0.06822104
2.68600000 0.06815285
2.68700000 0.06808473
2.68800000 0.06801668
2.68900000 0.06794869
2.69000000 0.06788078
2.69100000 0.06781293
2.69200000 0.06774515
2.69300000 0.06767744
2.69400000 0.06760979
2.69500000 0.06754222
2.69600000 0.06747471
2.69700000 0.06740726
2.69800000 0.06733989
2.69900000 0.06727258
2.70000000 0.06720534
2.70100000 0.06713817
2.70200000 0.06707106
2.70300000 0.06700403
2.70400000 0.06693705
2.70500000 0.06687015
2.70600000 0.06680331
2.70700000 0.06673654
2.70800000 0.06666984
2.70900000 0.06660320
2.71000000 0.06653663
2.71100000 0.06647012
2.71200000 0.06640369
2.71300000 0.06633731
2.71400000 0.06627101
2.71500000 0.06620477
2.71600000 0.06613860
2.71700000 0.06607249
2.71800000 0.06600645
2.71900000 0.06594048
2.72000000 0.06587457
2.72100000 0.06580872
2.72200000 0.06574295
2.72300000 0.06567724
2.72400000 0.06561159
2.72500000 0.06554601
2.72600000 0.06548050
2.72700000 0.06541505
2.72800000 0.06534966
2.72900000 0.06528435
2.73000000 0.06521909
2.73100000 0.06515390
2.73200000 0.06508878
2.73300000 0.06502372
2.73400000 0.06495873
2.73500000 0.06489380
2.73600000 0.06482894
2.73700000 0.06476414
2.73800000 0.06469941
2.73900000 0.06463474
2.74000000 0.06457014
2.74100000 0.06450560
2.74200000 0.06444113
2.74300000 0.06437672
2.74400000 0.06431237
2.74500000 0.06424809
2.74600000 0.06418387
2.74700000 0.06411972
2.74800000 0.06405563
2.74900000 0.06399160
2.75000000 0.06392764
2.75100000 0.06386375
2.75200000 0.06379991
2.75300000 0.06373614
2.75400000 0.06367244
2.75500000 0.06360880
2.75600000 0.06354522
2.75700000 0.06348170
2.75800000 0.06341825
2.75900000 0.06335486
2.76000000 0.06329154
2.76100000 0.06322828
2.76200000 0.06316508
2.76300000 0.06310194
2.76400000 0.06303887
2.76500000 0.06297586
2.76600000 0.06291292
2.76700000 0.06285004
2.76800000 0.06278722
2.76900000 0.06272446
2.77000000 0.06266176
2.77100000 0.06259913
2.77200000 0.06253656
2.77300000 0.06247406
2.77400000 0.06241161
2.77500000 0.06234923
2.77600000 0.06228691
2.77700000 0.06222465
2.77800000 0.06216246
2.77900000 0.06210032
2.78000000 0.06203825
2.78100000 0.06197625
2.78200000 0.06191430
2.78300000 0.06185241
2.78400000 0.06179059
2.78500000 0.06172883
2.78600000 0.06166713
2.78700000 0.06160549
2.78800000 0.06154392
2.78900000 0.06148240
2.79000000 0.06142095
2.79100000 0.06135956
2.79200000 0.06129823
2.79300000 0.06123696
2.79400000 0.06117575
2.79500000 0.06111460
2.79600000 0.06105352
2.79700000 0.06099249
2.79800000 0.06093153
2.79900000 0.06087062
2.80000000 0.06080978
2.80100000 0.06074900
2.80200000 0.06068828
2.80300000 0.06062762
2.80400000 0.06056702
2.80500000 0.06050648
2.80600000 0.06044601
2.80700000 0.06038559
2.80800000 0.06032523
2.80900000 0.06026493
2.81000000 0.06020470
2.81100000 0.06014452
2.81200000 0.06008441
2.81300000 0.06002435
2.81400000 0.05996435
2.81500000 0.05990442
2.81600000 0.05984454
2.81700000 0.05978472
2.81800000 0.05972497
2.81900000 0.05966527
2.82000000 0.05960563
2.82100000 0.05954606
2.82200000 0.05948654
2.82300000 0.05942708
2.82400000 0.05936768
2.82500000 0.05930834
2.82600000 0.05924906
2.82700000 0.05918984
2.82800000 0.05913068
2.82900000 0.05907157
2.83000000 0.05901253
2.83100000 0.05895354
2.83200000 0.05889462
2.83300000 0.05883575
2.83400000 0.05877694
2.83500000 0.05871819
2.83600000 0.05865950
2.83700000 0.05860087
2.83800000 0.05854230
2.83900000 0.05848378
2.84000000 0.05842532
2.84100000 0.05836693
2.84200000 0.05830859
2.84300000 0.05825030
2.84400000 0.05819208
2.84500000 0.05813392
2.84600000 0.05807581
2.84700000 0.05801776
2.84800000 0.05795977
2.84900000 0.05790184
2.85000000 0.05784396
2.85100000 0.05778614
2.85200000 0.05772838
2.85300000 0.05767068
2.85400000 0.05761304
2.85500000 0.05755545
2.85600000 0.05749792
2.85700000 0.05744045
2.85800000 0.05738304
2.85900000 0.05732568
2.86000000 0.05726838
2.86100000 0.05721114
2.86200000 0.05715396
2.86300000 0.05709683
2.86400000 0.05703976
2.86500000 0.05698274
2.86600000 0.05692579
2.86700000 0.05686889
2.86800000 0.05681204
2.86900000 0.05675526
2.87000000 0.05669853
2.87100000 0.05664186
2.87200000 0.05658524
2.87300000 0.05652868
2.87400000 0.05647218
2.87500000 0.05641573
2.87600000 0.05635934
2.87700000 0.05630301
2.87800000 0.05624673
2.87900000 0.05619051
2.88000000 0.05613435
2.88100000 0.05607824
2.88200000 0.05602218
2.88300000 0.05596619
2.88400000 0.05591025
2.88500000 0.05585436
2.88600000 0.05579853
2.88700000 0.05574276
2.88800000 0.05568704
2.88900000 0.05563138
2.89000000 0.05557577
2.89100000 0.05552022
2.89200000 0.05546473
2.89300000 0.05540929
2.89400000 0.05535390
2.89500000 0.05529857
2.89600000 0.05524330
2.89700000 0.05518808
2.89800000 0.05513292
2.89900000 0.05507781
2.90000000 0.05502276
2.90100000 0.05496776
2.90200000 0.05491282
2.90300000 0.05485793
2.90400000 0.05480310
2.90500000 0.05474832
2.90600000 0.05469359
2.90700000 0.05463892
2.90800000 0.05458431
2.90900000 0.05452975
2.91000000 0.05447524
2.91100000 0.05442079
2.91200000 0.05436640
2.91300000 0.05431205
2.91400000 0.05425777
2.91500000 0.05420353
2.91600000 0.05414935
2.91700000 0.05409523
2.91800000 0.05404116
2.91900000 0.05398714
2.92000000 0.05393318
2.92100000 0.05387927
2.92200000 0.05382541
2.92300000 0.05377161
2.92400000 0.05371786
2.92500000 0.05366417
2.92600000 0.05361053
2.92700000 0.05355694
2.92800000 0.05350341
2.92900000 0.05344993
2.93000000 0.05339650
2.93100000 0.05334313
2.93200000 0.05328981
2.93300000 0.05323654
2.93400000 0.05318333
2.93500000 0.05313017
2.93600000 0.05307706
2.93700000 0.05302401
2.93800000 0.05297101
2.93900000 0.05291806
2.94000000 0.05286516
2.94100000 0.05281232
2.94200000 0.05275953
2.94300000 0.05270680
2.94400000 0.05265411
2.94500000 0.05260148
2.94600000 0.05254890
2.94700000 0.05249638
2.94800000 0.05244390
2.94900000 0.05239148
2.95000000 0.05233911
2.95100000 0.05228680
2.95200000 0.05223453
2.95300000 0.05218232
2.95400000 0.05213016
2.95500000 0.05207805
2.95600000 0.05202600
2.95700000 0.05197399
2.95800000 0.05192204
2.95900000 0.05187014
2.96000000 0.05181829
2.96100000 0.05176650
2.96200000 0.05171475
2.96300000 0.05166306
2.96400000 0.05161142
2.96500000 0.05155983
2.96600000 0.05150829
2.96700000 0.05145681
2.96800000 0.05140537
2.96900000 0.05135399
2.97000000 0.05130266
2.97100000 0.05125137
2.97200000 0.05120014
2.97300000 0.05114897
2.97400000 0.05109784
2.97500000 0.05104676
2.97600000 0.05099574
2.97700000 0.05094476
2.97800000 0.05089384
2.97900000 0.05084297
2.98000000 0.05079214
2.98100000 0.05074137
2.98200000 0.05069065
2.98300000 0.05063998
2.98400000 0.05058937
2.98500000 0.05053880
2.98600000 0.05048828
2.98700000 0.05043781
2.98800000 0.05038740
2.98900000 0.05033703
2.99000000 0.05028671
2.99100000 0.05023645
2.99200000 0.05018623
2.99300000 0.05013607
2.99400000 0.05008595
2.99500000 0.05003588
2.99600000 0.04998587
2.99700000 0.04993590
2.99800000 0.04988599
2.99900000 0.04983612
3.00000000 0.04978631
3.00100000 0.04973654
3.00200000 0.04968682
3.00300000 0.04963716
3.00400000 0.04958754
3.00500000 0.04953797
3.00600000 0.04948846
3.00700000 0.04943899
3.00800000 0.04938957
3.00900000 0.04934020
3.01000000 0.04929088
3.01100000 0.04924161
3.01200000 0.04919239
3.01300000 0.04914321
3.01400000 0.04909409
3.01500000 0.04904501
3.01600000 0.04899599
3.01700000 0.04894701
3.01800000 0.04889809
3.01900000 0.04884921
3.02000000 0.04880038
3.02100000 0.04875160
3.02200000 0.04870286
3.02300000 0.04865418
3.02400000 0.04860554
3.02500000 0.04855696
3.02600000 0.04850842
3.02700000 0.04845993
3.02800000 0.04841149
3.02900000 0.04836310
3.03000000 0.04831475
3.03100000 0.04826646
3.03200000 0.04821821
3.03300000 0.04817001
3.03400000 0.04812186
3.03500000 0.04807376
3.03600000 0.04802570
3.03700000 0.04797769
3.03800000 0.04792973
3.03900000 0.04788182
3.04000000 0.04783396
3.04100000 0.04778614
3.04200000 0.04773838
3.04300000 0.04769066
3.04400000 0.04764298
3.04500000 0.04759536
3.04600000 0.04754778
3.04700000 0.04750025
3.04800000 0.04745277
3.04900000 0.04740533
3.05000000 0.04735795
3.05100000 0.04731061
3.05200000 0.04726331
3.05300000 0.04721607
3.05400000 0.04716887
3.05500000 0.04712172
3.05600000 0.04707461
3.05700000 0.04702756
3.05800000 0.04698055
3.05900000 0.04693358
3.06000000 0.04688667
3.06100000 0.04683980
3.06200000 0.04679298
3.06300000 0.04674620
3.06400000 0.04669947
3.06500000 0.04665279
3.06600000 0.04660615
3.06700000 0.04655956
3.06800000 0.04651302
3.06900000 0.04646652
3.07000000 0.04642007
3.07100000 0.04637367
3.07200000 0.04632731
3.07300000 0.04628100
3.07400000 0.04623474
3.07500000 0.04618852
3.07600000 0.04614235
3.07700000 0.04609622
3.07800000 0.04605014
3.07900000 0.04600411
3.08000000 0.04595812
3.08100000 0.04591218
3.08200000 0.04586628
3.08300000 0.04582043
3.08400000 0.04577463
3.08500000 0.04572887
3.08600000 0.04568316
3.08700000 0.04563749
3.08800000 0.04559187
3.08900000 0.04554629
3.09000000 0.04550076
3.09100000 0.04545528
3.09200000 0.04540984
3.09300000 0.04536444
3.09400000 0.04531909
3.09500000 0.04527379
3.09600000 0.04522853
3.09700000 0.04518332
3.09800000 0.04513815
3.09900000 0.04509303
3.10000000 0.04504795
3.10100000 0.04500291
3.10200000 0.04495793
3.10300000 0.04491298
3.10400000 0.04486808
3.10500000 0.04482323
3.10600000 0.04477842
3.10700000 0.04473366
3.10800000 0.04468894
3.10900000 0.04464427
3.11000000 0.04459964
3.11100000 0.04455505
3.11200000 0.04451051
3.11300000 0.04446601
3.11400000 0.04442156
3.11500000 0.04437715
3.11600000 0.04433279
3.11700000 0.04428847
3.11800000 0.04424420
3.11900000 0.04419997
3.12000000 0.04415578
3.12100000 0.04411164
3.12200000 0.04406754
3.12300000 0.04402349
3.12400000 0.04397948
3.12500000 0.04393551
3.12600000 0.04389159
3.12700000 0.04384771
3.12800000 0.04380388
3.12900000 0.04376009
3.13000000 0.04371634
3.13100000 0.04367264
3.13200000 0.04362898
3.13300000 0.04358536
3.13400000 0.04354179
3.13500000 0.04349826
3.13600000 0.04345477
3.13700000 0.04341133
3.13800000 0.04336793
3.13900000 0.04332458
3.14000000 0.04328126
3.14100000 0.04323800
3.14200000 0.04319477
3.14300000 0.04315159
3.14400000 0.04310845
3.14500000 0.04306535
3.14600000 0.04302230
3.14700000 0.04297929
3.14800000 0.04293632
3.14900000 0.04289340
3.15000000 0.04285052
3.15100000 0.04280768
3.15200000 0.04276488
3.15300000 0.04272213
3.15400000 0.04267942
3.15500000 0.04263675
3.15600000 0.04259412
3.15700000 0.04255154
3.15800000 0.04250900
3.15900000 0.04246650
3.16000000 0.04242405
3.16100000 0.04238163
3.16200000 0.04233926
3.16300000 0.04229693
3.16400000 0.04225465
3.16500000 0.04221240
3.16600000 0.04217020
3.16700000 0.04212804
3.16800000 0.04208593
3.16900000 0.04204385
3.17000000 0.04200182
3.17100000 0.04195983
3.17200000 0.04191788
3.17300000 0.04187597
3.17400000 0.04183410
3.17500000 0.04179228
3.17600000 0.04175050
3.17700000 0.04170875
3.17800000 0.04166706
3.17900000 0.04162540
3.18000000 0.04158378
3.18100000 0.04154221
3.18200000 0.04150068
3.18300000 0.04145918
3.18400000 0.04141773
3.18500000 0.04137633
3.18600000 0.04133496
3.18700000 0.04129363
3.18800000 0.04125235
3.18900000 0.04121110
3.19000000 0.04116990
3.19100000 0.04112874
3.19200000 0.04108762
3.19300000 0.04104654
3.19400000 0.04100550
3.19500000 0.04096451
3.19600000 0.04092355
3.19700000 0.04088264
3.19800000 0.04084176
3.19900000 0.04080093
3.20000000 0.04076013
3.20100000 0.04071938
3.20200000 0.04067867
3.20300000 0.04063800
3.20400000 0.04059737
3.20500000 0.04055678
3.20600000 0.04051623
3.20700000 0.04047572
3.20800000 0.04043525
3.20900000 0.04039483
3.21000000 0.04035444
3.21100000 0.04031409
3.21200000 0.04027378
3.21300000 0.04023352
3.21400000 0.04019329
3.21500000 0.04015310
3.21600000 0.04011296
3.21700000 0.04007285
3.21800000 0.04003278
3.21900000 0.03999276
3.22000000 0.03995277
3.22100000 0.03991282
3.22200000 0.03987292
3.22300000 0.03983305
3.22400000 0.03979322
3.22500000 0.03975344
3.22600000 0.03971369
3.22700000 0.03967398
3.22800000 0.03963431
3.22900000 0.03959468
3.23000000 0.03955509
3.23100000 0.03951554
3.23200000 0.03947603
3.23300000 0.03943656
3.23400000 0.03939713
3.23500000 0.03935774
3.23600000 0.03931839
3.23700000 0.03927907
3.23800000 0.03923980
3.23900000 0.03920056
3.24000000 0.03916137
3.24100000 0.03912221
3.24200000 0.03908309
3.24300000 0.03904401
3.24400000 0.03900497
3.24500000 0.03896597
3.24600000 0.03892701
3.24700000 0.03888809
3.24800000 0.03884920
3.24900000 0.03881036
3.25000000 0.03877155
3.25100000 0.03873278
3.25200000 0.03869405
3.25300000 0.03865536
3.25400000 0.03861671
3.25500000 0.03857810
3.25600000 0.03853952
3.25700000 0.03850098
3.25800000 0.03846249
3.25900000 0.03842403
3.26000000 0.03838560
3.26100000 0.03834722
3.26200000 0.03830888
3.26300000 0.03827057
3.26400000 0.03823230
3.26500000 0.03819407
3.26600000 0.03815588
3.26700000 0.03811772
3.26800000 0.03807961
3.26900000 0.03804153
3.27000000 0.03800349
3.27100000 0.03796549
3.27200000 0.03792752
3.27300000 0.03788960
3.27400000 0.03785171
3.27500000 0.03781386
3.27600000 0.03777605
3.27700000 0.03773827
3.27800000 0.03770053
3.27900000 0.03766283
3.28000000 0.03762517
3.28100000 0.03758754
3.28200000 0.03754996
3.28300000 0.03751241
3.28400000 0.03747489
3.28500000 0.03743742
3.28600000 0.03739998
3.28700000 0.03736258
3.28800000 0.03732522
3.28900000 0.03728789
3.29000000 0.03725060
3.29100000 0.03721335
3.29200000 0.03717614
3.29300000 0.03713896
3.29400000 0.03710182
3.29500000 0.03706472
3.29600000 0.03702765
3.29700000 0.03699062
3.29800000 0.03695363
3.29900000 0.03691667
3.30000000 0.03687976
3.30100000 0.03684287
3.30200000 0.03680603
3.30300000 0.03676922
3.30400000 0.03673245
3.30500000 0.03669571
3.30600000 0.03665902
3.30700000 0.03662235
3.30800000 0.03658573
3.30900000 0.03654914
3.31000000 0.03651259
3.31100000 0.03647607
3.31200000 0.03643959
3.31300000 0.03640315
3.31400000 0.03636674
3.31500000 0.03633037
3.31600000 0.03629404
3.31700000 0.03625774
3.31800000 0.03622148
3.31900000 0.03618525
3.32000000 0.03614906
3.32100000 0.03611291
3.32200000 0.03607679
3.32300000 0.03604071
3.32400000 0.03600466
3.32500000 0.03596865
3.32600000 0.03593268
3.32700000 0.03589674
3.32800000 0.03586084
3.32900000 0.03582497
3.33000000 0.03578914
3.33100000 0.03575335
3.33200000 0.03571759
3.33300000 0.03568186
3.33400000 0.03564617
3.33500000 0.03561052
3.33600000 0.03557490
3.33700000 0.03553932
3.33800000 0.03550378
3.33900000 0.03546827
3.34000000 0.03543279
3.34100000 0.03539735
3.34200000 0.03536195
3.34300000 0.03532658
3.34400000 0.03529124
3.34500000 0.03525594
3.34600000 0.03522068
3.34700000 0.03518545
3.34800000 0.03515026
3.34900000 0.03511510
3.35000000 0.03507997
3.35100000 0.03504488
3.35200000 0.03500983
3.35300000 0.03497481
3.35400000 0.03493983
3.35500000 0.03490488
3.35600000 0.03486996
3.35700000 0.03483508
3.35800000 0.03480024
3.35900000 0.03476543
3.36000000 0.03473065
3.36100000 0.03469591
3.36200000 0.03466121
3.36300000 0.03462653
3.36400000 0.03459190
3.36500000 0.03455729
3.36600000 0.03452273
3.36700000 0.03448819
3.36800000 0.03445369
3.36900000 0.03441923
3.37000000 0.03438480
3.37100000 0.03435040
3.37200000 0.03431604
3.37300000 0.03428171
3.37400000 0.03424741
3.37500000 0.03421315
3.37600000 0.03417893
3.37700000 0.03414474
3.37800000 0.03411058
3.37900000 0.03407645
3.38000000 0.03404236
3.38100000 0.03400831
3.38200000 0.03397429
3.38300000 0.03394030
3.38400000 0.03390634
3.38500000 0.03387242
3.38600000 0.03383854
3.38700000 0.03380468
3.38800000 0.03377086
3.38900000 0.03373708
3.39000000 0.03370333
3.39100000 0.03366961
3.39200000 0.03363592
3.39300000 0.03360227
3.39400000 0.03356865
3.39500000 0.03353507
3.39600000 0.03350152
3.39700000 0.03346800
3.39800000 0.03343451
3.39900000 0.03340106
3.40000000 0.03336764
3.40100000 0.03333426
3.40200000 0.03330091
3.40300000 0.03326759
3.40400000 0.03323430
3.40500000 0.03320105
3.40600000 0.03316783
3.40700000 0.03313465
3.40800000 0.03310149
3.40900000 0.03306837
3.41000000 0.03303529
3.41100000 0.03300223
3.41200000 0.03296921
3.41300000 0.03293622
3.41400000 0.03290327
3.41500000 0.03287034
3.41600000 0.03283745
3.41700000 0.03280460
3.41800000 0.03277177
3.41900000 0.03273898
3.42000000 0.03270622
3.42100000 0.03267349
3.42200000 0.03264080
3.42300000 0.03260813
3.42400000 0.03257550
3.42500000 0.03254291
3.42600000 0.03251034
3.42700000 0.03247781
3.42800000 0.03244531
3.42900000 0.03241284
3.43000000 0.03238040
3.43100000 0.03234800
3.43200000 0.03231563
3.43300000 0.03228329
3.43400000 0.03225098
3.43500000 0.03221871
3.43600000 0.03218647
3.43700000 0.03215426
3.43800000 0.03212208
3.43900000 0.03208993
3.44000000 0.03205781
3.44100000 0.03202573
3.44200000 0.03199368
3.44300000 0.03196166
3.44400000 0.03192967
3.44500000 0.03189772
3.44600000 0.03186579
3.44700000 0.03183390
3.44800000 0.03180204
3.44900000 0.03177021
3.45000000 0.03173841
3.45100000 0.03170665
3.45200000 0.03167491
3.45300000 0.03164321
3.45400000 0.03161154
3.45500000 0.03157990
3.45600000 0.03154829
3.45700000 0.03151671
3.45800000 0.03148517
3.45900000 0.03145365
3.46000000 0.03142217
3.46100000 0.03139072
3.46200000 0.03135930
3.46300000 0.03132791
3.46400000 0.03129655
3.46500000 0.03126522
3.46600000 0.03123392
3.46700000 0.03120266
3.46800000 0.03117142
3.46900000 0.03114022
3.47000000 0.03110905
3.47100000 0.03107791
3.47200000 0.03104680
3.47300000 0.03101572
3.47400000 0.03098467
3.47500000 0.03095365
3.47600000 0.03092266
3.47700000 0.03089170
3.47800000 0.03086078
3.47900000 0.03082988
3.48000000 0.03079902
3.48100000 0.03076818
3.48200000 0.03073738
3.48300000 0.03070661
3.48400000 0.03067587
3.48500000 0.03064515
3.48600000 0.03061447
3.48700000 0.03058382
3.48800000 0.03055320
3.48900000 0.03052261
3.49000000 0.03049205
3.49100000 0.03046152
3.49200000 0.03043102
3.49300000 0.03040055
3.49400000 0.03037011
3.49500000 0.03033970
3.49600000 0.03030932
3.49700000 0.03027897
3.49800000 0.03024866
3.49900000 0.03021837
3.50000000 0.03018811
3.50100000 0.03015788
3.50200000 0.03012768
3.50300000 0.03009751
3.50400000 0.03006737
3.50500000 0.03003726
3.50600000 0.03000718
3.50700000 0.02997713
3.50800000 0.02994711
3.50900000 0.02991712
3.51000000 0.02988716
3.51100000 0.02985723
3.51200000 0.02982733
3.51300000 0.02979746
3.51400000 0.02976762
3.51500000 0.02973781
3.51600000 0.02970802
3.51700000 0.02967827
3.51800000 0.02964855
3.51900000 0.02961885
3.52000000 0.02958918
3.52100000 0.02955955
3.52200000 0.02952994
3.52300000 0.02950036
3.52400000 0.02947082
3.52500000 0.02944130
3.52600000 0.02941181
3.52700000 0.02938235
3.52800000 0.02935292
3.52900000 0.02932351
3.53000000 0.02929414
3.53100000 0.02926480
3.53200000 0.02923548
3.53300000 0.02920619
3.53400000 0.02917694
3.53500000 0.02914771
3.53600000 0.02911851
3.53700000 0.02908934
3.53800000 0.02906020
3.53900000 0.02903108
3.54000000 0.02900200
3.54100000 0.02897294
3.54200000 0.02894392
3.54300000 0.02891492
3.54400000 0.02888595
3.54500000 0.02885701
3.54600000 0.02882810
3.54700000 0.02879921
3.54800000 0.02877036
3.54900000 0.02874153
3.55000000 0.02871273
3.55100000 0.02868396
3.55200000 0.02865522
3.55300000 0.02862651
3.55400000 0.02859782
3.55500000 0.02856916
3.55600000 0.02854054
3.55700000 0.02851194
3.55800000 0.02848336
3.55900000 0.02845482
3.56000000 0.02842631
3.56100000 0.02839782
3.56200000 0.02836936
3.56300000 0.02834093
3.56400000 0.02831252
3.56500000 0.02828415
3.56600000 0.02825580
3.56700000 0.02822748
3.56800000 0.02819919
3.56900000 0.02817093
3.57000000 0.02814269
3.57100000 0.02811448
3.57200000 0.02808630
3.57300000 0.02805815
3.57400000 0.02803003
3.57500000 0.02800193
3.57600000 0.02797386
3.57700000 0.02794582
3.57800000 0.02791781
3.57900000 0.02788982
3.58000000 0.02786186
3.58100000 0.02783393
3.58200000 0.02780603
3.58300000 0.02777815
3.58400000 0.02775030
3.58500000 0.02772248
3.58600000 0.02769469
3.58700000 0.02766692
3.58800000 0.02763918
3.58900000 0.02761147
3.59000000 0.02758378
3.59100000 0.02755613
3.59200000 0.02752850
3.59300000 0.02750089
3.59400000 0.02747332
3.59500000 0.02744577
3.59600000 0.02741825
3.59700000 0.02739075
3.59800000 0.02736329
3.59900000 0.02733584
3.60000000 0.02730843
3.60100000 0.02728104
3.60200000 0.02725368
3.60300000 0.02722635
3.60400000 0.02719905
3.60500000 0.02717177
3.60600000 0.02714451
3.60700000 0.02711729
3.60800000 0.02709009
3.60900000 0.02706292
3.61000000 0.02703577
3.61100000 0.02700865
3.61200000 0.02698156
3.61300000 0.02695449
3.61400000 0.02692746
3.61500000 0.02690044
3.61600000 0.02687346
3.61700000 0.02684650
3.61800000 0.02681956
3.61900000 0.02679266
3.62000000 0.02676578
3.62100000 0.02673892
3.62200000 0.02671210
3.62300000 0.02668529
3.62400000 0.02665852
3.62500000 0.02663177
3.62600000 0.02660505
3.62700000 0.02657835
3.62800000 0.02655168
3.62900000 0.02652504
3.63000000 0.02649842
3.63100000 0.02647183
3.63200000 0.02644526
3.63300000 0.02641872
3.63400000 0.02639221
3.63500000 0.02636572
3.63600000 0.02633926
3.63700000 0.02631282
3.63800000 0.02628641
3.63900000 0.02626003
3.64000000 0.02623367
3.64100000 0.02620733
3.64200000 0.02618103
3.64300000 0.02615475
3.64400000 0.02612849
3.64500000 0.02610226
3.64600000 0.02607606
3.64700000 0.02604988
3.64800000 0.02602372
3.64900000 0.02599760
3.65000000 0.02597149
3.65100000 0.02594542
3.65200000 0.02591937
3.65300000 0.02589334
3.65400000 0.02586734
3.65500000 0.02584137
3.65600000 0.02581542
3.65700000 0.02578949
3.65800000 0.02576359
3.65900000 0.02573772
3.66000000 0.02571187
3.66100000 0.02568605
3.66200000 0.02566025
3.66300000 0.02563448
3.66400000 0.02560873
3.66500000 0.02558301
3.66600000 0.02555731
3.66700000 0.02553164
3.66800000 0.02550599
3.66900000 0.02548037
3.67000000 0.02545477
3.67100000 0.02542920
3.67200000 0.02540365
3.67300000 0.02537813
3.67400000 0.02535263
3.67500000 0.02532716
3.67600000 0.02530171
3.67700000 0.02527628
3.67800000 0.02525089
3.67900000 0.02522551
3.68000000 0.02520016
3.68100000 0.02517484
3.68200000 0.02514954
3.68300000 0.02512426
3.68400000 0.02509901
3.68500000 0.02507378
3.68600000 0.02504858
3.68700000 0.02502341
3.68800000 0.02499825
3.68900000 0.02497312
3.69000000 0.02494802
3.69100000 0.02492294
3.69200000 0.02489788
3.69300000 0.02487285
3.69400000 0.02484785
3.69500000 0.02482286
3.69600000 0.02479791
3.69700000 0.02477297
3.69800000 0.02474806
3.69900000 0.02472318
3.70000000 0.02469831
3.70100000 0.02467348
3.70200000 0.02464866
3.70300000 0.02462387
3.70400000 0.02459911
3.70500000 0.02457437
3.70600000 0.02454965
3.70700000 0.02452496
3.70800000 0.02450029
3.70900000 0.02447564
3.71000000 0.02445102
3.71100000 0.02442642
3.71200000 0.02440185
3.71300000 0.02437730
3.71400000 0.02435277
3.71500000 0.02432827
3.71600000 0.02430379
3.71700000 0.02427933
3.71800000 0.02425490
3.71900000 0.02423049
3.72000000 0.02420610
3.72100000 0.02418174
3.72200000 0.02415741
3.72300000 0.02413309
3.72400000 0.02410880
3.72500000 0.02408453
3.72600000 0.02406029
3.72700000 0.02403607
3.72800000 0.02401187
3.72900000 0.02398770
3.73000000 0.02396354
3.73100000 0.02393942
3.73200000 0.02391531
3.73300000 0.02389123
3.73400000 0.02386717
3.73500000 0.02384314
3.73600000 0.02381913
3.73700000 0.02379514
3.73800000 0.02377117
3.73900000 0.02374723
3.74000000 0.02372331
3.74100000 0.02369941
3.74200000 0.02367554
3.74300000 0.02365169
3.74400000 0.02362786
3.74500000 0.02360406
3.74600000 0.02358027
3.74700000 0.02355651
3.74800000 0.02353278
3.74900000 0.02350906
3.75000000 0.02348537
3.75100000 0.02346171
3.75200000 0.02343806
3.75300000 0.02341444
3.75400000 0.02339084
3.75500000 0.02336726
3.75600000 0.02334370
3.75700000 0.02332017
3.75800000 0.02329666
3.75900000 0.02327317
3.76000000 0.02324971
3.76100000 0.02322627
3.76200000 0.02320285
3.76300000 0.02317945
3.76400000 0.02315607
3.76500000 0.02313272
3.76600000 0.02310939
3.76700000 0.02308608
3.76800000 0.02306279
3.76900000 0.02303953
3.77000000 0.02301629
3.77100000 0.02299307
3.77200000 0.02296987
3.77300000 0.02294669
3.77400000 0.02292354
3.77500000 0.02290041
3.77600000 0.02287730
3.77700000 0.02285421
3.77800000 0.02283115
3.77900000 0.02280810
3.78000000 0.02278508
3.78100000 0.02276208
3.78200000 0.02273910
3.78300000 0.02271615
3.78400000 0.02269321
3.78500000 0.02267030
3.78600000 0.02264741
3.78700000 0.02262454
3.78800000 0.02260169
3.78900000 0.02257887
3.79000000 0.02255606
3.79100000 0.02253328
3.79200000 0.02251052
3.79300000 0.02248778
3.79400000 0.02246506
3.79500000 0.02244237
3.79600000 0.02241969
3.79700000 0.02239704
3.79800000 0.02237440
3.79900000 0.02235179
3.80000000 0.02232921
3.80100000 0.02230664
3.80200000 0.02228409
3.80300000 0.02226157
3.80400000 0.02223906
3.80500000 0.02221658
3.80600000 0.02219412
3.80700000 0.02217168
3.80800000 0.02214926
3.80900000 0.02212686
3.81000000 0.02210448
3.81100000 0.02208212
3.81200000 0.02205979
3.81300000 0.02203748
3.81400000 0.02201518
3.81500000 0.02199291
3.81600000 0.02197066
3.81700000 0.02194843
3.81800000 0.02192622
3.81900000 0.02190403
3.82000000 0.02188186
3.82100000 0.02185972
3.82200000 0.02183759
3.82300000 0.02181548
3.82400000 0.02179340
3.82500000 0.02177133
3.82600000 0.02174929
3.82700000 0.02172727
3.82800000 0.02170527
3.82900000 0.02168328
3.83000000 0.02166132
3.83100000 0.02163938
3.83200000 0.02161746
3.83300000 0.02159556
3.83400000 0.02157368
3.83500000 0.02155182
3.83600000 0.02152998
3.83700000 0.02150817
3.83800000 0.02148637
3.83900000 0.02146459
3.84000000 0.02144283
3.84100000 0.02142109
3.84200000 0.02139938
3.84300000 0.02137768
3.84400000 0.02135600
3.84500000 0.02133435
3.84600000 0.02131271
3.84700000 0.02129109
3.84800000 0.02126950
3.84900000 0.02124792
3.85000000 0.02122636
3.85100000 0.02120483
3.85200000 0.02118331
3.85300000 0.02116181
3.85400000 0.02114034
3.85500000 0.02111888
3.85600000 0.02109744
3.85700000 0.02107602
3.85800000 0.02105463
3.85900000 0.02103325
3.86000000 0.02101189
3.86100000 0.02099055
3.86200000 0.02096923
3.86300000 0.02094793
3.86400000 0.02092665
3.86500000 0.02090539
3.86600000 0.02088415
3.86700000 0.02086293
3.86800000 0.02084173
3.86900000 0.02082055
3.87000000 0.02079938
3.87100000 0.02077824
3.87200000 0.02075712
3.87300000 0.02073601
3.87400000 0.02071492
3.87500000 0.02069386
3.87600000 0.02067281
3.87700000 0.02065178
3.87800000 0.02063077
3.87900000 0.02060979
3.88000000 0.02058881
3.88100000 0.02056786
3.88200000 0.02054693
3.88300000 0.02052602
3.88400000 0.02050512
3.88500000 0.02048425
3.88600000 0.02046339
3.88700000 0.02044256
3.88800000 0.02042174
3.88900000 0.02040094
3.89000000 0.02038016
3.89100000 0.02035939
3.89200000 0.02033865
3.89300000 0.02031793
3.89400000 0.02029722
3.89500000 0.02027653
3.89600000 0.02025587
3.89700000 0.02023522
3.89800000 0.02021459
3.89900000 0.02019397
3.90000000 0.02017338
3.90100000 0.02015280
3.90200000 0.02013225
3.90300000 0.02011171
3.90400000 0.02009119
3.90500000 0.02007069
3.90600000 0.02005020
3.90700000 0.02002974
3.90800000 0.02000929
3.90900000 0.01998887
3.91000000 0.01996846
3.91100000 0.01994806
3.91200000 0.01992769
3.91300000 0.01990734
3.91400000 0.01988700
3.91500000 0.01986668
3.91600000 0.01984638
3.91700000 0.01982610
3.91800000 0.01980583
3.91900000 0.01978558
3.92000000 0.01976536
3.92100000 0.01974514
3.92200000 0.01972495
3.92300000 0.01970478
3.92400000 0.01968462
3.92500000 0.01966448
3.92600000 0.01964436
3.92700000 0.01962425
3.92800000 0.01960417
3.92900000 0.01958410
3.93000000 0.01956405
3.93100000 0.01954402
3.93200000 0.01952400
3.93300000 0.01950400
3.93400000 0.01948402
3.93500000 0.01946406
3.93600000 0.01944412
3.93700000 0.01942419
3.93800000 0.01940428
3.93900000 0.01938438
3.94000000 0.01936451
3.94100000 0.01934465
3.94200000 0.01932481
3.94300000 0.01930499
3.94400000 0.01928518
3.94500000 0.01926539
3.94600000 0.01924562
3.94700000 0.01922587
3.94800000 0.01920613
3.94900000 0.01918641
3.95000000 0.01916670
3.95100000 0.01914702
3.95200000 0.01912735
3.95300000 0.01910770
3.95400000 0.01908806
3.95500000 0.01906844
3.95600000 0.01904884
3.95700000 0.01902926
3.95800000 0.01900969
3.95900000 0.01899014
3.96000000 0.01897061
3.96100000 0.01895109
3.96200000 0.01893159
3.96300000 0.01891210
3.96400000 0.01889264
3.96500000 0.01887319
3.96600000 0.01885375
3.96700000 0.01883433
3.96800000 0.01881493
3.96900000 0.01879555
3.97000000 0.01877618
3.97100000 0.01875683
3.97200000 0.01873749
3.97300000 0.01871818
3.97400000 0.01869887
3.97500000 0.01867959
3.97600000 0.01866032
3.97700000 0.01864106
3.97800000 0.01862183
3.97900000 0.01860261
3.98000000 0.01858340
3.98100000 0.01856421
3.98200000 0.01854504
3.98300000 0.01852588
3.98400000 0.01850674
3.98500000 0.01848762
3.98600000 0.01846851
3.98700000 0.01844942
3.98800000 0.01843034
3.98900000 0.01841128
3.99000000 0.01839223
3.99100000 0.01837321
3.99200000 0.01835419
3.99300000 0.01833519
3.99400000 0.01831621
3.99500000 0.01829725
3.99600000 0.01827830
3.99700000 0.01825936
3.99800000 0.01824044
3.99900000 0.01822154
4.00000000 0.01820265
