0.01000000 0.99004983
0.02000000 0.98019867
0.03000000 0.97044553
0.04000000 0.96078944
0.05000000 0.95122942
0.06000000 0.94176453
0.07000000 0.93239382
0.08000000 0.92311635
0.09000000 0.91393118
0.10000000 0.90483742
0.11000000 0.89583413
0.12000000 0.88692043
0.13000000 0.87809543
0.14000000 0.86935823
0.15000000 0.86070797
0.16000000 0.85214379
0.17000000 0.84366481
0.18000000 0.83527021
0.19000000 0.82695913
0.20000000 0.81873075
0.21000000 0.81058424
0.22000000 0.80251879
0.23000000 0.79453360
0.24000000 0.78662786
0.25000000 0.77880078
0.26000000 0.77105158
0.27000000 0.76337949
0.28000000 0.75578373
0.29000000 0.74826356
0.30000000 0.74081821
0.31000000 0.73344695
0.32000000 0.72614903
0.33000000 0.71892372
0.34000000 0.71177031
0.35000000 0.70468808
0.36000000 0.69767631
0.37000000 0.69073432
0.38000000 0.68386140
0.39000000 0.67705686
0.40000000 0.67032003
0.41000000 0.66365023
0.42000000 0.65704680
0.43000000 0.65050908
0.44000000 0.64403640
0.45000000 0.63762813
0.46000000 0.63128362
0.47000000 0.62500225
0.48000000 0.61878337
0.49000000 0.61262637
0.50000000 0.60653063
0.51000000 0.60049555
0.52000000 0.59452052
0.53000000 0.58860494
0.54000000 0.58274822
0.55000000 0.57694978
0.56000000 0.57120903
0.57000000 0.56552540
0.58000000 0.55989833
0.59000000 0.55432724
0.60000000 0.54881159
0.61000000 0.54335082
0.62000000 0.53794439
0.63000000 0.53259175
0.64000000 0.52729237
0.65000000 0.52204572
0.66000000 0.51685127
0.67000000 0.51170851
0.68000000 0.50661693
0.69000000 0.50157600
0.70000000 0.49658523
0.71000000 0.49164412
0.72000000 0.48675217
0.73000000 0.48190890
0.74000000 0.47711382
0.75000000 0.47236646
0.76000000 0.46766633
0.77000000 0.46301296
0.78000000 0.45840590
0.79000000 0.45384468
0.80000000 0.44932884
0.81000000 0.44485794
0.82000000 0.44043152
0.83000000 0.43604914
0.84000000 0.43171037
0.85000000 0.42741477
0.86000000 0.42316192
0.87000000 0.41895137
0.88000000 0.41478273
0.89000000 0.41065556
0.90000000 0.40656946
0.91000000 0.40252401
0.92000000 0.39851882
0.93000000 0.39455347
0.94000000 0.39062759
0.95000000 0.38674076
0.96000000 0.38289261
0.97000000 0.37908275
0.98000000 0.37531079
0.99000000 0.37157637
1.00000000 0.36787910
1.01000000 0.36421862
1.02000000 0.36059457
1.03000000 0.35700657
1.04000000 0.35345427
1.05000000 0.34993732
1.06000000 0.34645535
1.07000000 0.34300804
1.08000000 0.33959502
1.09000000 0.33621596
1.10000000 0.33287053
1.11000000 0.32955838
1.12000000 0.32627918
1.13000000 0.32303261
1.14000000 0.31981834
1.15000000 0.31663605
1.16000000 0.31348543
1.17000000 0.31036615
1.18000000 0.30727791
1.19000000 0.30422039
1.20000000 0.30119329
1.21000000 0.29819631
1.22000000 0.29522915
1.23000000 0.29229151
1.24000000 0.28938310
1.25000000 0.28650362
1.26000000 0.28365279
1.27000000 0.28083032
1.28000000 0.27803593
1.29000000 0.27526934
1.30000000 0.27253028
1.31000000 0.26981846
1.32000000 0.26713363
1.33000000 0.26447550
1.34000000 0.26184382
1.35000000 0.25923831
1.36000000 0.25665873
1.37000000 0.25410481
1.38000000 0.25157629
1.39000000 0.24907293
1.40000000 0.24659446
1.41000000 0.24414066
1.42000000 0.24171125
1.43000000 0.23930602
1.44000000 0.23692471
1.45000000 0.23456708
1.46000000 0.23223290
1.47000000 0.22992194
1.48000000 0.22763396
1.49000000 0.22536874
1.50000000 0.22312604
1.51000000 0.22090565
1.52000000 0.21870733
1.53000000 0.21653088
1.54000000 0.21437607
1.55000000 0.21224268
1.56000000 0.21013051
1.57000000 0.20803933
1.58000000 0.20596895
1.59000000 0.20391915
1.60000000 0.20188972
1.61000000 0.19988047
1.62000000 0.19789119
1.63000000 0.19592168
1.64000000 0.19397174
1.65000000 0.19204118
1.66000000 0.19012981
1.67000000 0.18823742
1.68000000 0.18636384
1.69000000 0.18450887
1.70000000 0.18267232
1.71000000 0.18085402
1.72000000 0.17905377
1.73000000 0.17727139
1.74000000 0.17550672
1.75000000 0.17375956
1.76000000 0.17202974
1.77000000 0.17031709
1.78000000 0.16862143
1.79000000 0.16694260
1.80000000 0.16528042
1.81000000 0.16363472
1.82000000 0.16200534
1.83000000 0.16039211
1.84000000 0.15879487
1.85000000 0.15721345
1.86000000 0.15564770
1.87000000 0.15409745
1.88000000 0.15256255
1.89000000 0.15104284
1.90000000 0.14953817
1.91000000 0.14804837
1.92000000 0.14657331
1.93000000 0.14511282
1.94000000 0.14366676
1.95000000 0.14223497
1.96000000 0.14081731
1.97000000 0.13941364
1.98000000 0.13802381
1.99000000 0.13664767
2.00000000 0.13528508
2.01000000 0.13393589
2.02000000 0.13259998
2.03000000 0.13127719
2.04000000 0.12996739
2.05000000 0.12867044
2.06000000 0.12738620
2.07000000 0.12611453
2.08000000 0.12485531
2.09000000 0.12360839
2.10000000 0.12237365
2.11000000 0.12115094
2.12000000 0.11994014
2.13000000 0.11874112
2.14000000 0.11755374
2.15000000 0.11637787
2.16000000 0.11521338
2.17000000 0.11406015
2.18000000 0.11291804
2.19000000 0.11178693
2.20000000 0.11066668
2.21000000 0.10955717
2.22000000 0.10845828
2.23000000 0.10736986
2.24000000 0.10629181
2.25000000 0.10522398
2.26000000 0.10416626
2.27000000 0.10311851
2.28000000 0.10208060
2.29000000 0.10105242
2.30000000 0.10003383
2.31000000 0.09902470
2.32000000 0.09802491
2.33000000 0.09703432
2.34000000 0.09605280
2.35000000 0.09508024
2.36000000 0.09411648
2.37000000 0.09316141
2.38000000 0.09221489
2.39000000 0.09127679
2.40000000 0.09034697
2.41000000 0.08942529
2.42000000 0.08851161
2.43000000 0.08760581
2.44000000 0.08670773
2.45000000 0.08581723
2.46000000 0.08493417
2.47000000 0.08405840
2.48000000 0.08318978
2.49000000 0.08232814
2.50000000 0.08147334
2.51000000 0.08062522
2.52000000 0.07978362
2.53000000 0.07894838
2.54000000 0.07811932
2.55000000 0.07729628
2.56000000 0.07647909
2.57000000 0.07566756
2.58000000 0.07486152
2.59000000 0.07406077
2.60000000 0.07326513
2.61000000 0.07247439
2.62000000 0.07168835
2.63000000 0.07090681
2.64000000 0.07012955
2.65000000 0.06935634
2.66000000 0.06858696
2.67000000 0.06782117
2.68000000 0.06705872
2.69000000 0.06629938
2.70000000 0.06554286
2.71000000 0.06478891
2.72000000 0.06403724
2.73000000 0.06328756
2.74000000 0.06253958
2.75000000 0.06179297
2.76000000 0.06104742
2.77000000 0.06030259
2.78000000 0.05955812
2.79000000 0.05881366
2.80000000 0.05806881
2.81000000 0.05732319
2.82000000 0.05657639
2.83000000 0.05582797
2.84000000 0.05507749
2.85000000 0.05432448
2.86000000 0.05356846
2.87000000 0.05280891
2.88000000 0.05204530
2.89000000 0.05127707
2.90000000 0.05050366
2.91000000 0.04972445
2.92000000 0.04893880
2.93000000 0.04814606
2.94000000 0.04734553
2.95000000 0.04653648
2.96000000 0.04571815
2.97000000 0.04488975
2.98000000 0.04405044
2.99000000 0.04319936
3.00000000 0.04233558
3.01000000 0.04145814
3.02000000 0.04056604
3.03000000 0.03965824
3.04000000 0.03873362
3.05000000 0.03779102
3.06000000 0.03682923
3.07000000 0.03584698
3.08000000 0.03484294
3.09000000 0.03381569
3.10000000 0.03276377
3.11000000 0.03168563
3.12000000 0.03057966
3.13000000 0.02944416
3.14000000 0.02827733
3.15000000 0.02707732
3.16000000 0.02584214
3.17000000 0.02456974
3.18000000 0.02325794
3.19000000 0.02190447
3.20000000 0.02050695
3.21000000 0.01906285
3.22000000 0.01756954
3.23000000 0.01602425
3.24000000 0.01442407
3.25000000 0.01276594
3.26000000 0.01104666
3.27000000 0.00926285
3.28000000 0.00741096
3.29000000 0.00548728
3.30000000 0.00348789
3.31000000 0.00140869
3.32000000 -0.00075465
3.33000000 -0.00300667
3.34000000 -0.00535212
3.35000000 -0.00779603
3.36000000 -0.01034364
3.37000000 -0.01300051
3.38000000 -0.01577244
3.39000000 -0.01866554
3.40000000 -0.02168623
3.41000000 -0.02484126
3.42000000 -0.02813772
3.43000000 -0.03158307
3.44000000 -0.03518514
3.45000000 -0.03895216
3.46000000 -0.04289278
3.47000000 -0.04701611
3.48000000 -0.05133170
3.49000000 -0.05584961
3.50000000 -0.06058038
3.51000000 -0.06553512
3.52000000 -0.07072551
3.53000000 -0.07616380
3.54000000 -0.08186288
3.55000000 -0.08783631
3.56000000 -0.09409833
3.57000000 -0.10066392
3.58000000 -0.10754881
3.59000000 -0.11476954
3.60000000 -0.12234350
3.61000000 -0.13028898
3.62000000 -0.13862518
3.63000000 -0.14737232
3.64000000 -0.15655161
3.65000000 -0.16618539
3.66000000 -0.17629710
3.67000000 -0.18691143
3.68000000 -0.19805428
3.69000000 -0.20975292
3.70000000 -0.22203600
3.71000000 -0.23493364
3.72000000 -0.24847748
3.73000000 -0.26270083
3.74000000 -0.27763866
3.75000000 -0.29332776
3.76000000 -0.30980678
3.77000000 -0.32711637
3.78000000 -0.34529926
3.79000000 -0.36440036
3.80000000 -0.38446690
3.81000000 -0.40554851
3.82000000 -0.42769736
3.83000000 -0.45096832
3.84000000 -0.47541905
3.85000000 -0.50111017
3.86000000 -0.52810541
3.87000000 -0.55647176
3.88000000 -0.58627965
3.89000000 -0.61760312
3.90000000 -0.65052000
3.91000000 -0.68511210
3.92000000 -0.72146545
3.93000000 -0.75967047
3.94000000 -0.79982222
3.95000000 -0.84202063
3.96000000 -0.88637074
3.97000000 -0.93298301
3.98000000 -0.98197352
3.99000000 -1.03346434
4.00000000 -1.08758376
